6.025500540697117380e-01 1.136678968586049555e-21 7.838041576019405726e-21
6.051543430096333331e-01 -1.469223339472579179e-22 4.377981713499063539e-21
6.077698879785551345e-01 -2.721658579341713904e-23 4.321041423415123753e-21
6.104405922194372502e-01 -4.696212554153241577e-21 4.347236099373480606e-21
6.131230322525713650e-01 1.182563253789889771e-21 4.239760075913534321e-21
6.158615710927428655e-01 3.207300274380825169e-21 4.180767096622128806e-21
6.186123417274882463e-01 1.119643895350019870e-21 4.084856672345762744e-21
6.214201649796703419e-01 3.812407708469089741e-21 4.033059677757911232e-21
6.242407326775798460e-01 9.684412192724349859e-22 3.914242982690841200e-21
6.271193218504675926e-01 -7.448044744494554117e-21 3.873190145225568001e-21
6.300111851901830651e-01 -2.593135179290239473e-21 3.807243063048502441e-21
6.329620539478978403e-01 9.999382522415859846e-22 3.758030660290954889e-21
6.359267440894706969e-01 -4.593152554872940855e-21 3.650126456168522697e-21
6.389514398071365342e-01 -2.772140098502887185e-21 3.682613349454217091e-21
6.419905220626692666e-01 9.099257383617660301e-22 3.604445972149179076e-21
6.450906249625563138e-01 1.592648648075057316e-21 3.516861953227155910e-21
6.482056979245541806e-01 2.110686461301222966e-21 3.380373827538095469e-21
6.513828225109531411e-01 1.790264730867413228e-21 3.372871548148901336e-21
6.546227380584184186e-01 -6.360464940206509764e-22 3.591185139220803713e-21
6.578787686343922081e-01 -2.971878238452594130e-21 3.838820677124212778e-21
6.611986480647404907e-01 -2.976297638290532499e-21 3.777650442098651560e-21
6.645352807328547273e-01 -2.321015621795066088e-21 3.253029637890330396e-21
6.679368363652395946e-01 -8.944347033387707156e-22 2.889287302532795011e-21
6.714040693195750809e-01 -1.297259803731582134e-21 2.837262730950085013e-21
6.748893005391733979e-01 -3.898246767499155204e-21 2.708972268717609402e-21
6.784413102661531747e-01 -2.647240038607789610e-21 2.637083723292355220e-21
6.820120145747340379e-01 -1.027459912635534287e-21 2.578247322943538931e-21
6.856506156734184509e-01 8.868124345026097979e-22 2.538848110019922744e-21
6.893578819877133057e-01 -1.299686225787750319e-21 2.425709538387850145e-21
6.930851932391975945e-01 -2.879079139198345416e-22 2.341254004665669541e-21
6.968823150033833791e-01 -4.429963708404221067e-22 2.283766365033499787e-21
7.007500224820050194e-01 -5.879374470759754353e-22 2.225840678858146018e-21
7.046391957961318786e-01 1.509223249528568247e-21 2.182683409787008094e-21
7.086001285551408735e-01 -3.777286345093093767e-22 2.216737963981068339e-21
7.126336025533792640e-01 -1.212489228764528059e-21 2.185418405704654456e-21
7.167404007380631104e-01 -1.765491519193809746e-22 2.047276414876508635e-21
7.208708657709972378e-01 -6.604353129684633898e-22 1.975503758785169314e-21
7.250758657955488351e-01 -1.810984588858018212e-22 1.911047919256224102e-21
7.293561893492831461e-01 3.216925513805382087e-22 1.871841216462773655e-21
7.337126249414821499e-01 -1.303477506995891675e-21 1.829564790404438146e-21
7.380950814701535689e-01 -1.210402043161163991e-21 1.830610006160846130e-21
7.425548977574412124e-01 4.179780839158919967e-22 1.760588312768477907e-21
7.470928666344351932e-01 1.802723553175760618e-21 1.720457467937755573e-21
7.517097800586302059e-01 4.362612412037896870e-23 1.696521977734234352e-21
7.564064291152469144e-01 -5.550120501364844728e-22 1.648214013673114001e-21
7.611836039709667379e-01 2.478815849836342480e-21 1.733559743920539336e-21
7.659909496432260045e-01 1.873518631299015778e-21 1.620388457023420297e-21
7.708801226252915972e-01 4.192222733035858219e-22 1.609204062028541566e-21
7.758519145605653478e-01 2.167016996910315290e-22 1.568162330662425595e-21
7.809071151366762109e-01 -1.736758784752549515e-21 1.553415904967508188e-21
7.860465112884800210e-01 -2.880925837093274643e-21 1.539314523990396468e-21
7.912708871343260286e-01 -3.444971200845987616e-21 1.518168914190127422e-21
7.965810256852798865e-01 -5.057697187857118118e-24 1.700606205724137412e-21
8.019777037831692379e-01 1.003577640520678118e-21 1.476801954391343116e-21
8.074616967949500568e-01 5.618844809076705477e-22 1.457834840510159278e-21
8.130337746466369531e-01 -1.449727448311344183e-21 1.423303141165687699e-21
8.186947048024171281e-01 -2.962135833937706124e-21 1.396452279077332922e-21
8.244452494612434235e-01 -8.911673749094737371e-22 1.385819942480598056e-21
8.302861649815730383e-01 -3.585072686437281057e-22 1.371310168622580720e-21
8.362182044522639135e-01 -1.608031238426558789e-22 1.352226624172801227e-21
8.422421145094343142e-01 8.651059641659689254e-23 1.331495783881767646e-21
8.483586362377047996e-01 -3.607528068772536992e-22 1.320394356017712192e-21
8.545685038639353470e-01 -9.251037384034045203e-22 1.319031658049919506e-21
8.608724462303246616e-01 -1.298772419050142081e-21 1.281016188484347495e-21
8.673187819280190336e-01 -4.483019404690210358e-22 1.273365914568463390e-21
8.738606263877395364e-01 4.825231440401651526e-22 1.262941628045523763e-21
8.804986733794045728e-01 -3.723753301206623550e-22 1.240595184564304108e-21
8.872336109089540290e-01 9.632948633375433998e-22 1.218539606004878735e-21
8.940661168958577987e-01 9.749267904002730828e-22 1.196967544423211930e-21
9.010416850671861821e-01 -9.529581662786059581e-22 1.158615225030923133e-21
9.081160387632071229e-01 -1.329817836933906979e-21 1.139832753552514277e-21
9.152898142090181155e-01 -4.042471172583186781e-22 1.112972857442716543e-21
9.226061645206690143e-01 -5.210856381028135708e-22 1.088700531851824202e-21
9.300229919080003071e-01 -1.155077736593806580e-21 1.075411537653182601e-21
9.375408884585987312e-01 -6.308802871516973457e-22 1.060320298486268729e-21
9.452004078749710603e-01 -1.166287108585847220e-21 1.059334077079288507e-21
9.529618786425962940e-01 -7.517519137162051697e-23 1.022520096112658797e-21
9.608258452751285983e-01 -3.288719873078018311e-23 9.852539059084023583e-22
9.688300166236485378e-01 -3.152405829760404272e-22 9.933908921818081109e-22
9.769373871633448836e-01 9.627930744968756722e-22 9.717309658887284726e-22
9.851833101184689356e-01 2.217859379308246114e-21 9.361571880676368568e-22
9.935329947818265506e-01 7.934461076524753233e-22 8.987670804902818440e-22
1.002019329148986948e+00 2.174432121645546284e-22 8.787520766496586213e-22
1.010609848956622203e+00 -4.939606279031303148e-22 8.581138323364923053e-22
1.019334873527890206e+00 -1.495696266814552953e-21 8.600851063818602451e-22
1.028164361084285439e+00 -1.642060175324207571e-21 8.381251604060873568e-22
1.037125974269667239e+00 6.245721915593790763e-22 8.231473899278289711e-22
1.046217626746796192e+00 8.763901743333027238e-22 7.991886790335556733e-22
1.055413586955457728e+00 -2.996801538887521064e-22 7.585680471178245077e-22
1.064736849703828980e+00 2.824866407871143669e-22 7.823468726358213262e-22
1.074185110420714073e+00 2.299833492190078394e-22 7.746376687948137505e-22
1.083737127858648730e+00 -9.530053326383268338e-22 7.455708975900130986e-22
1.093411083545620777e+00 -3.764383423705900393e-22 7.146316501785836594e-22
1.103204482879324821e+00 1.864707647843712842e-22 6.734481388867269653e-22
1.113114767904133329e+00 3.124368446493656635e-22 6.667238143192750543e-22
1.123127218693677820e+00 1.349470136209261006e-22 6.385029412212640440e-22
1.133253114804642969e+00 -6.374614273484002888e-22 6.424407962539481585e-22
1.143489750873906141e+00 -2.338042322900499921e-22 6.412664271045885756e-22
1.153834375376251442e+00 7.071070372905473790e-23 6.114533509554362111e-22
1.164284193727559868e+00 -2.785900380029041366e-22 5.929302301452375375e-22
1.174836376923817705e+00 6.508436665848174153e-22 5.883650919368403953e-22
1.185488066304234422e+00 1.018037238082760710e-21 5.727417686752506816e-22
1.196236375395241414e+00 7.983875212310478144e-23 5.979172569658115757e-22
1.207078396174792623e+00 -6.070110972308963104e-22 6.013394472746551827e-22
1.218011205012903719e+00 -2.017809941405310004e-22 5.887877908667605907e-22
1.229031864462274637e+00 -1.316149045412479236e-22 5.765696641154068485e-22
1.240137430909742156e+00 -3.519611884720873837e-22 5.159113915491537513e-22
1.251324959401709958e+00 -9.574299138616837002e-23 5.062992607601002067e-22
1.262591500350882745e+00 1.487035856791671605e-23 4.962818150654851735e-22
1.273934111162560168e+00 1.393940378255026386e-22 4.853033650200399297e-22
1.285349857333029755e+00 -1.156631082085453786e-22 4.772505980977734224e-22
1.296835815705953188e+00 -4.869931264622492322e-22 4.734428304631195587e-22
1.308389079979376701e+00 -6.528791723364564892e-22 4.702916411754226565e-22
1.320006759346960434e+00 -2.020231845781817763e-22 4.649986078130167480e-22
1.331685987218174327e+00 -1.709105834825766019e-22 4.604998032915309950e-22
1.343423919179714154e+00 -2.933419315143696524e-22 4.527893892528796734e-22
1.355217739772139884e+00 -7.324051897872160965e-23 4.535952275926655690e-22
1.367064661101440537e+00 -1.245172507959400587e-22 4.476154438767022118e-22
1.378934481409195056e+00 -5.096885943784334245e-22 4.424659161314291528e-22
1.390850379079409560e+00 -2.758897512039132714e-23 4.399715781522026059e-22
1.402809699423576362e+00 4.557856762965745912e-23 4.391794981547816903e-22
1.414809828185459972e+00 1.066778761580217079e-22 4.380222733817519318e-22
1.426848187314150085e+00 9.839886862565902437e-23 4.361376374789393415e-22
1.438888249143777776e+00 -1.714053409691738439e-23 4.338441096086475910e-22
1.450960151386669672e+00 3.052607443277112490e-22 4.260441250897280821e-22
1.463061481534098540e+00 5.590248960463893072e-22 4.180991561481399291e-22
1.475189869835402900e+00 -2.011866695942272884e-22 4.105500051745425241e-22
1.487342991622950361e+00 9.188263107227691876e-23 4.075009968301442048e-22
1.499479310063492665e+00 3.751652927327462034e-22 4.108822295587188871e-22
1.511634681318708928e+00 -1.217999746003944928e-22 4.062587570335520135e-22
1.523806959557935992e+00 -2.741611405519800591e-23 4.044732657429526046e-22
1.535994043157231648e+00 9.398023966804799542e-23 3.970413411203509893e-22
1.548193878547713620e+00 -8.285405432499201125e-24 3.914241247037464528e-22
1.560361132183217370e+00 -3.724871626137391228e-22 4.002210115141082233e-22
1.572536188157843684e+00 -1.821806376954769012e-22 3.801020401686663809e-22
1.584717173216181552e+00 -6.609862225234723561e-24 3.760075873013317131e-22
1.596902257804984959e+00 -4.803611113982448510e-24 3.676404423652908535e-22
1.609089663873345177e+00 -1.121718809111976621e-22 3.602654328654094577e-22
1.621231332995863861e+00 -9.452856373417897818e-23 3.526053065636422746e-22
1.633371084438775878e+00 -2.678192577532638417e-22 3.428058066425006671e-22
1.645507310363057973e+00 9.503978029636056652e-23 3.374157007011756085e-22
1.657638444213105577e+00 2.692154269007705160e-23 3.316611736896932364e-22
1.669762968851383089e+00 -2.533867130584677250e-22 3.320066494921570704e-22
1.681831035289408804e+00 -4.698217914136745520e-23 3.213029387881480207e-22
1.693888924142827213e+00 -1.273718125380598966e-22 3.153136060665149252e-22
1.705935274738955565e+00 2.330942466418853825e-23 3.124297289502234314e-22
1.717968769798139839e+00 -1.848529807358621574e-22 3.048227865284647849e-22
1.729988130932686996e+00 -1.409971500269921989e-22 3.035674033922535438e-22
1.741942499028027447e+00 -1.283943540325182671e-22 3.009443214334464779e-22
1.753879776385962597e+00 -6.694786195115707783e-23 2.981187559618575209e-22
1.765798831793880863e+00 6.586013111255755184e-23 2.935985933332161755e-22
1.777698568473182972e+00 5.476763514004128632e-23 2.941797736358512662e-22
1.789577927860516615e+00 -5.984997136282571673e-23 3.170831651477309321e-22
1.801435891177042503e+00 -7.109177056366664046e-23 3.300840578891304374e-22
1.813221187610051910e+00 -3.190824208031500100e-23 3.053533425450449639e-22
1.824982766884555518e+00 3.858636718582489430e-22 3.014623818127248865e-22
1.836719731979109538e+00 4.005690515374466427e-22 2.830302837002326398e-22
1.848431219527370883e+00 6.054374167047718827e-22 2.853078427019478104e-22
1.860116400247525004e+00 6.195898526650123066e-22 2.744707524985153504e-22
1.871774472803300338e+00 5.511705934901968812e-22 2.706701342588787056e-22
1.883404669864032988e+00 8.580494360188959742e-22 2.670476672892271462e-22
1.894956077849988763e+00 8.632682817547344638e-22 2.586566557947227652e-22
1.906477907710358854e+00 9.377677627290400981e-22 2.662108213702669953e-22
1.917969496960512554e+00 1.052454751384275171e-21 2.511362213734584476e-22
1.929430206571494999e+00 9.781323727020281610e-22 2.471572413111701414e-22
1.940859425768938662e+00 9.204565609144575570e-22 2.489530899862519583e-22
1.952256569750900450e+00 9.823357053415274799e-22 2.652684882494650987e-22
1.963621078329720104e+00 9.262306691436199746e-22 2.677952493854445061e-22
1.974952416276190670e+00 7.625986575286321246e-22 2.730512355684907359e-22
1.986250072794674582e+00 6.010034053851638239e-22 2.447419861519230042e-22
1.997513560183640458e+00 2.392401643955667647e-22 2.416058255652218847e-22
2.008742412537886324e+00 4.362108518147885935e-22 2.440473324378445889e-22
2.019936186079084539e+00 5.933777972491332071e-22 2.390447817221215925e-22
2.031094459443298028e+00 7.845266983269225885e-22 2.826422808138293367e-22
2.042216828505565296e+00 5.527601756866243170e-22 2.850541079217366552e-22
2.053302913701772869e+00 6.393237258566998393e-22 2.515016929177476372e-22
2.064352352568259885e+00 6.908496362203939699e-22 2.487378974891109076e-22
2.075364801622262778e+00 7.584353286497978264e-22 2.321572358924732758e-22
2.086339937382543752e+00 6.509053933859898316e-22 2.256586615237122073e-22
2.097277451478933852e+00 7.383697521738473364e-22 2.432628503789723278e-22
2.108177055372034037e+00 7.864937465596613652e-22 2.401146479504088116e-22
2.119038476967944895e+00 6.271757015979028577e-22 2.585571228009419466e-22
2.129861456694460031e+00 4.924805205897172646e-22 2.353213783139878704e-22
2.140645756970044999e+00 7.496126578589374175e-22 2.132259862800857680e-22
2.151391151239916422e+00 7.875306927774291715e-22 2.191303159970461928e-22
2.162097427826732865e+00 6.323231491862939573e-22 2.127323031632046886e-22
2.172764391546293528e+00 5.094366191083485730e-22 2.096496054015569133e-22
2.183391858605282287e+00 5.183968892834149781e-22 2.034426771148042786e-22
2.193979660907843687e+00 5.831415356849241672e-22 2.049919445694508940e-22
2.204527641723379894e+00 5.198370207081504450e-22 2.090967850975806605e-22
2.215035657950458869e+00 6.462443579158077736e-22 2.071378689026821722e-22
2.225503576578306220e+00 6.753080958882139188e-22 2.046163104253357445e-22
2.235931278789429655e+00 5.269244182931464743e-22 1.983186491944988767e-22
2.246318656454098672e+00 5.227233548944846490e-22 1.922723410808323745e-22
2.256665611838330587e+00 4.874531611338872693e-22 1.935280885450939044e-22
2.267016028134699823e+00 6.135306225027906713e-22 1.886172679216892688e-22
2.277325802075043093e+00 4.593648719954257889e-22 2.026428827143768448e-22
2.287594863430622016e+00 5.676370440690132877e-22 1.898561871549309691e-22
2.297823150147509708e+00 4.864938046513665744e-22 1.868262848986371755e-22
2.308010609278966285e+00 5.792086022804115327e-22 1.831645952046586132e-22
2.318157197855447382e+00 4.809646796897748822e-22 1.819643839053539433e-22
2.328262881453587507e+00 3.348776409892950487e-22 1.769338880575956763e-22
2.338370014958925491e+00 5.949096354684195725e-22 1.793458715344484017e-22
2.348436117401302869e+00 5.656104736706152780e-22 1.771242122030448447e-22
2.358461176245485458e+00 5.922043358565412375e-22 1.768628742537472316e-22
2.368445186599126728e+00 7.021354185937305210e-22 1.765295497002404989e-22
2.378388148854025275e+00 5.951668707906577578e-22 1.779102551578632523e-22
2.388290069600140342e+00 4.993619369421708120e-22 1.808878574036868385e-22
2.398191982620303531e+00 4.565956211447257018e-22 1.726449184627895236e-22
2.408052797314140570e+00 4.601182975523202811e-22 1.708008571209327758e-22
2.417872538957672734e+00 5.643629080515016127e-22 1.740234726345226438e-22
2.427651240302626245e+00 4.311700292356104982e-22 1.701711587003771173e-22
2.437429107889743207e+00 3.888635261641588025e-22 1.669210983214470661e-22
2.447165912437341717e+00 4.708061744506622512e-22 1.657073071534056489e-22
2.456861700529061387e+00 5.270548511142808360e-22 1.665924621364139272e-22
2.466516526460640790e+00 6.896319948248964812e-22 1.764223712666082864e-22
2.476130445286487625e+00 6.316101935971259081e-22 1.757942238027383695e-22
2.485742576563112038e+00 4.095032505694574888e-22 1.669040439304896988e-22
2.495313819964978030e+00 4.425466189181280254e-22 1.633065018926422096e-22
2.504844246254878559e+00 4.801772070656433273e-22 1.611391552153521878e-22
2.514333932076035172e+00 4.856645117857902480e-22 1.603610745284911955e-22
2.523821160680874698e+00 5.619947116144761196e-22 1.606388310046332574e-22
2.533267694719889995e+00 3.051572357971039268e-22 1.638707502436232005e-22
2.542673618614153419e+00 3.258092200372741899e-22 1.595844757349036598e-22
2.552076645087000717e+00 4.198745864297331456e-22 1.585227477278260146e-22
2.561439124632408415e+00 4.388731909288086174e-22 1.569451802931576972e-22
2.570761154838445250e+00 4.367947892917225511e-22 1.571631418602693788e-22
2.580042837311285808e+00 4.683532532650707694e-22 1.601778375846343456e-22
2.589321054421434898e+00 3.816089271703694601e-22 1.548522174543988823e-22
2.598559008257503855e+00 1.323731653113600266e-22 1.550039418756188028e-22
2.607756806347028444e+00 2.220958445383785600e-22 1.525323115712222812e-22
2.616950766021786556e+00 2.540414811569420576e-22 1.513734051392806434e-22
2.626104668746295445e+00 1.948004588869192144e-22 1.491450063732378627e-22
2.635218633854678139e+00 1.968289725654819634e-22 1.473661278404765314e-22
2.644328409715501316e+00 3.736100870972823213e-22 1.561775982887816720e-22
2.653398359894557412e+00 3.628765460294872150e-22 1.539665701252561042e-22
2.662428608265511087e+00 3.337375310863988965e-22 1.523615979576983195e-22
2.671454342431718754e+00 3.262050689771551577e-22 1.508979785711280951e-22
2.680440499617340322e+00 1.821406173893754685e-22 1.464542443900254449e-22
2.689421954831050066e+00 2.773415038330235826e-22 1.477551039077994469e-22
2.698363963073839411e+00 3.093676061464753309e-22 1.471429213885617807e-22
2.707266657712521951e+00 4.408250062663718991e-22 1.465805115256977875e-22
2.716164361307158437e+00 4.373756644844198820e-22 1.451155778630618158e-22
2.725022891924205215e+00 3.328337505514465983e-22 1.435390781512743270e-22
2.733842389800993367e+00 2.413785878588574002e-22 1.407584798422188409e-22
2.742656625803765014e+00 3.116321875807246386e-22 1.419630220494911940e-22
2.751431979383192505e+00 3.576657454076014565e-22 1.426251484441012701e-22
2.760201915189410826e+00 3.137918449627454055e-22 1.410680382655173662e-22
2.768933123549021769e+00 3.532621962332848943e-22 1.384406075355886988e-22
2.777625750421198525e+00 1.988581825385347266e-22 1.410219995380981230e-22
2.786312720176605584e+00 2.435754662311569809e-22 1.400110880825997186e-22
2.794961271855104901e+00 2.351585458276897785e-22 1.399287725267296726e-22
2.803604028597088238e+00 2.020704145099827093e-22 1.392500766933620073e-22
2.812208533959567713e+00 3.680123086785660762e-22 1.403597668987457197e-22
2.820807111732262840e+00 4.497730912108445034e-22 1.424405339383305027e-22
2.829367609257018579e+00 3.048872510765498188e-22 1.442373155502927126e-22
2.837890182235647707e+00 2.304048600476015916e-22 1.451184943786632210e-22
2.846406624628610604e+00 2.069064609580542583e-22 1.424935119247821266e-22
2.854885319820213763e+00 2.328948336527555405e-22 1.377979461999107270e-22
2.863357767326551340e+00 3.819652967952072911e-22 1.395870820556963893e-22
2.871792648139884996e+00 4.027912626120744015e-22 1.363929640168826418e-22
2.880221169384791224e+00 4.829535446580668028e-22 1.391786623937598239e-22
2.888612308039598453e+00 5.484235101267593727e-22 1.366583650206317635e-22
2.896996979682557871e+00 3.141593486329174877e-22 1.377497124087919135e-22
2.905344456218907911e+00 8.846149508060435505e-23 1.416432743237575014e-22
2.913685364443756143e+00 1.222267461652999797e-22 1.347803823624627371e-22
2.921989266999960755e+00 3.068634194606701718e-22 1.357661472378383221e-22
2.930286503482929295e+00 3.511990870406912958e-22 1.412077851790185780e-22
2.938546926749918686e+00 1.949075784803319786e-22 1.372819143127474927e-22
2.946800591992303708e+00 1.578814796930910040e-22 1.426658727198936615e-22
2.955017638695192073e+00 2.564131024857554899e-22 1.394432279965410605e-22
2.963227839871913183e+00 3.019134316758451719e-22 1.306084708578482481e-22
2.971401618679263112e+00 2.331608723623413870e-22 1.297517178409284375e-22
2.979568468772684664e+00 2.366475018749375136e-22 1.307485596967870099e-22
2.987699095734780208e+00 2.387803738632433083e-22 1.284359209873556724e-22
2.995822714411987775e+00 4.244473710219340673e-22 1.280813107640273621e-22
3.003910310948440632e+00 2.744373036718658387e-22 1.294235781793620207e-22
3.011990824249467291e+00 2.723969999186475312e-22 1.308089987121492206e-22
3.020035516915812845e+00 3.134536897710405851e-22 1.293288966954571974e-22
3.028073055320484652e+00 2.136801420071885428e-22 1.293020254892515921e-22
3.036074977728735913e+00 7.076425155793110626e-23 1.335861803667444240e-22
3.044069678112231170e+00 2.380432999745268289e-22 1.284983786870575261e-22
3.052028967407449223e+00 3.832717644097593062e-22 1.311583618494161398e-22
3.059980971140637163e+00 2.687799448216880054e-22 1.339543461473326722e-22
3.067925663290717697e+00 3.315996541307215551e-22 1.327977216184252060e-22
3.075835188983823798e+00 3.952259208386783573e-22 1.342362400125479890e-22
3.083737343704456180e+00 2.635190052613127423e-22 1.325627814496430642e-22
3.091604540791899058e+00 1.638874882690032441e-22 1.250536295777687596e-22
3.099464310950593937e+00 1.551290604380980043e-22 1.263979257632395810e-22
3.107289331728847692e+00 1.820265753599829072e-22 1.282854968165084866e-22
3.115106873448840741e+00 2.765176583515495029e-22 1.243233550461212687e-22
3.122916914332153571e+00 2.307493446700018451e-22 1.263568438391297961e-22
3.130692457117718153e+00 9.499289139645482704e-23 1.253049921415268080e-22
3.138460450142379177e+00 5.599644556426870343e-23 1.258510886416077282e-22
3.146194155369777423e+00 1.617919246191302712e-22 1.259085563632847186e-22
3.153920265979456961e+00 2.444101830652521487e-22 1.255444337544549872e-22
3.161612300693432687e+00 2.312818676091576494e-22 1.244107542672753108e-22
3.169296699376310311e+00 2.359195011152327569e-22 1.261189400506931033e-22
3.176973440777951740e+00 6.291383354778338059e-23 1.240759327784508384e-22
3.184616362094515818e+00 1.369249503508501014e-22 1.252966984279796946e-22
3.192251588041542743e+00 2.575814981055710977e-22 1.232864536810702521e-22
3.199853207049444315e+00 2.255734847336760717e-22 1.220088679021624431e-22
3.207447094890807815e+00 1.089624481834019997e-22 1.216229367757444342e-22
3.215033234417944641e+00 2.667897610357908214e-22 1.222176216576685355e-22
3.222586023832260338e+00 3.367839829127506779e-22 1.220739371029718300e-22
3.230131033103244675e+00 1.634663244203237918e-22 1.238000165229135941e-22
3.237668246265460681e+00 4.869900084057335194e-22 1.209880730202084170e-22
3.245172367345911635e+00 2.556956232711495887e-22 1.211731018529741320e-22
3.252668663400947846e+00 1.851977862623126680e-22 1.210571231511376261e-22
3.260157118727750269e+00 3.313836120247892879e-22 1.236213102571032802e-22
3.267612741892322425e+00 2.726338647285891139e-22 1.226965112296400792e-22
3.275060497788063518e+00 2.015360155353870189e-22 1.231398250260532124e-22
3.282475635171266948e+00 2.732656487195562092e-22 1.223007773706085669e-22
3.289882882818425891e+00 2.622524003841553557e-22 1.226456292365988388e-22
3.297282226960124074e+00 2.056971753918751093e-22 1.229951257161187186e-22
3.304649211968330391e+00 2.894738021653163462e-22 1.255543408914514313e-22
3.312008273140133241e+00 3.240692331257576903e-22 1.287129080651200016e-22
3.319359398578792586e+00 9.210657265047670001e-23 1.305062346983591761e-22
3.326678424826580827e+00 2.522051552110166175e-22 1.265973816661791809e-22
3.333989497867139384e+00 3.248128796645684005e-22 1.215625772377246575e-22
3.341292605156839901e+00 1.287111947926010778e-22 1.223348039267371429e-22
3.348563874408698737e+00 1.361666903361358003e-22 1.242976024450124959e-22
3.355827163194158747e+00 1.258411250569445366e-22 1.251266167462138953e-22
3.363082461549030455e+00 1.322821370346570001e-22 1.202427389374261162e-22
3.370306181651351984e+00 1.224561854681954242e-22 1.202447022905774807e-22
3.377521898434865832e+00 7.751308487828502613e-23 1.212190684122891322e-22
3.384729602844397611e+00 1.414865122919404785e-22 1.260020883488753642e-22
3.391929285260062432e+00 3.199086254430155750e-22 1.256523431819122950e-22
3.399097697838619148e+00 1.872100144020529615e-22 1.259855249720357129e-22
3.406258078676155598e+00 1.557602725164442226e-22 1.259646090838462386e-22
3.413410419037067545e+00 1.352834480577857426e-22 1.226956905196837479e-22
3.420531749605919991e+00 1.758699213192135172e-22 1.221577112224164126e-22
3.427645033104177230e+00 2.038484336511104920e-22 1.245688119068154762e-22
3.434750260890994777e+00 2.382629188194545986e-22 1.239956979601956819e-22
3.441824738026032282e+00 2.671534027949259402e-22 1.226462227396567710e-22
3.448891155136026843e+00 2.184972968013504268e-22 1.214823055340763917e-22
3.455949505144010558e+00 2.352123582346195519e-22 1.200334677826450361e-22
3.462999781169183500e+00 2.105111820146506313e-22 1.198426694273361323e-22
3.470019614879578107e+00 2.771454075890967979e-22 1.247833869234991606e-22
3.477031371546839722e+00 2.324506735985234622e-22 1.241689486440336530e-22
3.484035045786481710e+00 2.362451702543300639e-22 1.220197142657225789e-22
3.491008535541723301e+00 2.122813621787632466e-22 1.230784645417558781e-22
3.497973941892887684e+00 3.621409344086804789e-23 1.314622146829060369e-22
3.504931260184086295e+00 3.131972347581153231e-23 1.331999226346385869e-22
3.511880484529495305e+00 2.719146167448704135e-22 1.328387340905161460e-22
3.518799831660651023e+00 1.983880424370938723e-22 1.244910311324177553e-22
3.525711086355185486e+00 1.228327149577693139e-22 1.212440287371591817e-22
3.532614244141979221e+00 1.491556976985460273e-22 1.216282754868853911e-22
3.539509301404990094e+00 2.452480768082657477e-22 1.222322412156777692e-22
3.546374786953106817e+00 2.685750420801360992e-22 1.263002019156566876e-22
3.553232175148837158e+00 1.252493631094289147e-22 1.237191931255532071e-22
3.560081463036184335e+00 9.003993131812185649e-23 1.222387063459190642e-22
3.566922646476655689e+00 7.146625008926309585e-23 1.216628099982459117e-22
3.573734562492423716e+00 7.561044326195944741e-23 1.194540959217756716e-22
3.580538380134687948e+00 1.478779148512139248e-22 1.205854997819477931e-22
3.587334097232460106e+00 1.535454723049477229e-22 1.204558019871668660e-22
3.594121709801998854e+00 2.082214480627561746e-22 1.212623821706851541e-22
3.600880358536488135e+00 1.959440170630241180e-22 1.227003070606344607e-22
3.607630910915215150e+00 1.958409733685556744e-22 1.202660536543979635e-22
3.614373364233804953e+00 2.037834678255191345e-22 1.221472702609449489e-22
3.621107717855816865e+00 8.141262275590479553e-23 1.242331532154727723e-22
3.627833969369280265e+00 1.722790051256152067e-22 1.340617963884649351e-22
3.634531607743885839e+00 2.649618536438429420e-22 1.356942844180486808e-22
3.641221153282972800e+00 1.424284537074170417e-22 1.460824689351651549e-22
3.647902605413676280e+00 2.288489339427518804e-22 1.333280683051427403e-22
3.654575961831019182e+00 1.562774909046835097e-24 1.313113493190937544e-22
3.661221005504998516e+00 8.362345484138393463e-23 1.262463308588393735e-22
3.667857966465223551e+00 1.528573704583886199e-22 1.280228643525692307e-22
3.674486842361897931e+00 1.510614381740572453e-22 1.239206036600080701e-22
3.681107633422696868e+00 1.529625792389587338e-22 1.229947048970065920e-22
3.687720339997748287e+00 2.208697395556622215e-22 1.257832665978848629e-22
3.694305080623884407e+00 1.241373110992049687e-22 1.217124534367700269e-22
3.700881749427069156e+00 1.676228417790924307e-22 1.213551584641573781e-22
3.707450346071100356e+00 2.465642675052665008e-22 1.218566257669106788e-22
3.714010870939088882e+00 1.952620942271932921e-22 1.231315531111260719e-22
3.720563324535241634e+00 1.124032837176212082e-22 1.261637772694643977e-22
3.727088158218162750e+00 1.475182641081961577e-22 1.229295360882991331e-22
3.733604935291452875e+00 1.485086512998778634e-22 1.206130758355618441e-22
3.740113656741229864e+00 1.143790020703248360e-22 1.214846193141469968e-22
3.746614322518946771e+00 6.814426311805849801e-23 1.207890078273600012e-22
3.753106934418879437e+00 8.856802133866342788e-23 1.216515763301912630e-22
3.759591492631778387e+00 5.664078708296541166e-23 1.234074149503048092e-22
3.766048822999394474e+00 7.094583484716541517e-23 1.234550595479325871e-22
3.772498117077461188e+00 1.313505623085432496e-22 1.251796480054271143e-22
3.778939376086584812e+00 2.878433291343292669e-22 1.247731462225023392e-22
3.785372601359727529e+00 2.740522904948252555e-22 1.249548999113473499e-22
3.791797794895741092e+00 2.038392049340145819e-22 1.353422063519367808e-22
3.798196100801750408e+00 1.584145047264044632e-22 1.244347557651449480e-22
3.804586393510304365e+00 2.387086049726135974e-22 1.278137639192325254e-22
3.810968674891957342e+00 2.067582522820252309e-22 1.258300693229024783e-22
3.817342946380302138e+00 8.486051122757949550e-23 1.262124407283165439e-22
3.823709210599058661e+00 6.999113102416715693e-23 1.244555688458460044e-22
3.830067469193643159e+00 1.286623076361376543e-22 1.253086985319039180e-22
3.836417724988363531e+00 1.391124717123942122e-22 1.253625345985061242e-22
3.842741527582024474e+00 2.652042208139752278e-22 1.275191261459320049e-22
3.849057347501875004e+00 2.510473912310112986e-22 1.280528425147336726e-22
3.855365187955280160e+00 8.463129181662075358e-23 1.289187255197768168e-22
3.861665050669623511e+00 2.757310117339583378e-23 1.282786814372894193e-22
3.867956939043382114e+00 3.695397983914012338e-23 1.263419118251416938e-22
3.874240856044548043e+00 1.633163270465336799e-22 1.286533521719370775e-22
3.880516804217434057e+00 1.644221738017130159e-22 1.275026782294943119e-22
3.886766729141588161e+00 1.994729781756650827e-22 1.270045296548029868e-22
3.893008707817567249e+00 1.573638724120305815e-22 1.284360077617989889e-22
3.899242742652784699e+00 1.708799662358769025e-22 1.272409517918070470e-22
3.905468838176529900e+00 5.609966925625549693e-23 1.283027909999297254e-22
3.911686996980196618e+00 3.332251811828153730e-23 1.272084416931527894e-22
3.917897222253904577e+00 1.193428273820125017e-22 1.273512789805171062e-22
3.924099518776771767e+00 1.742214722121192289e-22 1.289216943214231822e-22
3.930276216282686530e+00 1.000772751151859219e-22 1.297972874984891973e-22
3.936445008361671771e+00 1.297068816082883347e-22 1.329567814489812322e-22
3.942605897648296054e+00 1.437933280646366065e-22 1.371901282707154272e-22
3.948758889315676868e+00 1.884990884835843274e-22 1.374657926114219394e-22
3.954903986660402548e+00 1.277991078293959376e-22 1.350532651510775422e-22
3.961041194037129731e+00 -3.223534974325057014e-24 1.343134062232549366e-22
3.967170515395961328e+00 8.168079995458767204e-23 1.333709652640989929e-22
3.973291954769169632e+00 1.291300715839285257e-22 1.324851474102518375e-22
3.979388263374158186e+00 7.033011018711913032e-23 1.350294878001309976e-22
3.985476715135423120e+00 -1.614778059246340362e-23 1.367353943707210147e-22
3.991557314866905237e+00 -7.237862858168613124e-23 1.334305671954395029e-22
3.997630066515197811e+00 6.810592641855664296e-23 1.327788178591003434e-22
4.003694975044690629e+00 1.121972028990752003e-22 1.326003669510650746e-22
4.009752045024495892e+00 1.109450377497401067e-22 1.328825626303362219e-22
4.015801281098738684e+00 7.645053327302377860e-23 1.343334407644653072e-22
4.021842687985700771e+00 1.222114982585426204e-22 1.363101954609650564e-22
4.027876270937362335e+00 2.343241332944616141e-22 1.392235133380935277e-22
4.033902034814726534e+00 1.698503213134282077e-22 1.382132945948550647e-22
4.039903221218274609e+00 -5.855779375031008042e-23 1.385052034863063539e-22
4.045896615638119087e+00 -8.788970005122276210e-23 1.409812790069161255e-22
4.051882221855123589e+00 3.830881816266721815e-23 1.408767395828475928e-22
4.057860045975843377e+00 8.032096412572763972e-23 1.393068757219646343e-22
4.063830092377717307e+00 -6.371873438443158898e-23 1.384062693737450707e-22
4.069792366849296350e+00 1.861167451150448411e-23 1.371199921797677318e-22
4.075746874354042149e+00 1.246139039733373864e-22 1.369577423081520341e-22
4.081693620807979705e+00 1.958886387721962942e-22 1.370238649081858694e-22
4.087632611307738806e+00 2.810859016575562356e-22 1.410693070082803678e-22
4.093563851893786243e+00 1.739228564900515115e-22 1.421975873182151450e-22
4.099487347792839742e+00 3.005243273171826593e-23 1.356357474941919709e-22
4.105403103864238012e+00 3.273586666545020806e-23 1.371158618016549495e-22
4.111294920196094438e+00 1.637693021405950096e-22 1.395633002784255611e-22
4.117179024931483688e+00 7.716318907256428098e-23 1.476133419358110955e-22
4.123055424465897900e+00 -4.993730362280136589e-23 1.397998025944294763e-22
4.128924125248623511e+00 7.589761854524007805e-23 1.408418982646633608e-22
4.134785131666269820e+00 1.528906481396749235e-22 1.389987784124589477e-22
4.140638451130703501e+00 2.168767537763422734e-22 1.398472063793112824e-22
4.146484088997744344e+00 9.994131237237096602e-23 1.414569793347915619e-22
4.152322050687763166e+00 3.027660108139381963e-23 1.465307034631371968e-22
4.158152342934072543e+00 8.011383462469114323e-23 1.406896876122894927e-22
4.163974972519707940e+00 2.345391088395383541e-22 1.407324476911236589e-22
4.169789943798586584e+00 2.060737353473058513e-22 1.423774942237956146e-22
4.175597264490509275e+00 1.527301463729443026e-22 1.458868989968384298e-22
4.181396940715361055e+00 2.263146074442143181e-22 1.454394033757650884e-22
4.187188977832766668e+00 1.650788685024815200e-22 1.463503657366880512e-22
4.192973382892006384e+00 7.265803761203932173e-23 1.456518111011232739e-22
4.198750161773785017e+00 2.640230812969937243e-22 1.460533132938416153e-22
4.204519321223346928e+00 2.833924143234101805e-22 1.470672528418641539e-22
4.210265387076792543e+00 2.289215187721714391e-22 1.504165645323384174e-22
4.216003863233041216e+00 2.360504466726546751e-22 1.525311434937929022e-22
4.221734756627598451e+00 2.097943554459787336e-22 1.513707989991718377e-22
4.227458073847654596e+00 2.473576757064199860e-22 1.477033958072150633e-22
4.233173820351117556e+00 8.828055263355978753e-23 1.454156486250970760e-22
4.238882004398186965e+00 -4.945356810549370336e-23 1.448465654782427678e-22
4.244582631551502949e+00 5.944936324810290862e-23 1.475534843757839183e-22
4.250275708987707013e+00 1.377115328576990808e-22 1.481474484193552965e-22
4.255961243539886141e+00 -2.329963513331063068e-23 1.539824144369962910e-22
4.261639242087943202e+00 -1.822430968977758382e-23 1.487896899246591332e-22
4.267309711174228859e+00 1.417291694989897314e-22 1.517404122562514506e-22
4.272972658155242520e+00 1.210232120709773983e-22 1.523775134559112796e-22
4.278628089667011913e+00 8.094188851848680739e-23 1.518210373437509928e-22
4.284276012394032662e+00 9.154551216669159015e-23 1.528664002555949674e-22
4.289916433824056519e+00 1.432452543210949920e-22 1.527167763454611887e-22
4.295549360355487956e+00 9.213903951689626644e-23 1.524549462821600342e-22
4.301174799561517048e+00 3.451243317318595000e-23 1.533047435898710455e-22
4.306792758680249911e+00 1.293885928156308756e-22 1.574294644056490160e-22
4.312403243876112846e+00 3.407063761335564050e-22 1.553679871787608195e-22
4.318006263587966131e+00 2.775204594635711169e-22 1.591630072472650689e-22
4.323601824070488320e+00 1.502864272702606770e-22 1.561481410955394229e-22
4.329189932732005808e+00 8.737519445788193054e-23 1.552149371595967869e-22
4.334770597020169092e+00 1.054393549933124023e-22 1.567800389059323746e-22
4.340343824421419860e+00 4.784793231199395368e-23 1.619222338407295627e-22
4.345909621734419304e+00 6.015176100094761199e-23 1.574434117438234172e-22
4.351467996526396043e+00 1.332940087337879519e-22 1.553951478946475389e-22
4.357018956401765841e+00 7.837651278275271762e-23 1.576482237901987052e-22
4.362562507925376032e+00 2.244429085609486230e-22 1.586714423923434388e-22
4.368098659138901496e+00 2.319043926714249452e-22 1.655318817330673761e-22
4.373627417404010842e+00 6.041667085413915329e-23 1.688511106304675383e-22
4.379148790121240253e+00 -5.370564469603734357e-23 1.605368371564458555e-22
4.384662784376329725e+00 -2.176575743573110571e-22 1.604902050261742132e-22
4.390169408351803249e+00 4.744697073727139206e-23 1.629679551880322055e-22
4.395668669208960821e+00 2.338821500874626576e-22 1.721129017372465570e-22
4.401160574847586382e+00 4.084205109791692296e-23 1.747583767678902321e-22
4.406645132504810825e+00 4.664331528744779825e-23 1.613430760420936166e-22
4.412122349803469845e+00 9.090726942402584264e-23 1.600626776938984477e-22
4.417592234746588353e+00 6.096524031238828656e-23 1.629281867615324798e-22
4.423054794681224422e+00 9.548273927704884009e-23 1.632213163175915961e-22
4.428510036992343579e+00 1.695112122953066942e-22 1.785051225804823712e-22
4.433957969784064090e+00 1.224160910707285760e-22 1.789682701377586057e-22
4.439398600850688048e+00 -7.424302637342800587e-23 1.802153968832447500e-22
4.444831937681134271e+00 -6.631541277253279019e-23 1.650644226340202896e-22
4.450257988137138021e+00 -6.000296043967306202e-23 1.633696133264491741e-22
4.455676760112325496e+00 1.480846808515247997e-22 1.655250450045646955e-22
4.461088261197453164e+00 2.796753916713136247e-22 1.658202701555477465e-22
4.466492499350727563e+00 3.347562577630172653e-22 1.666349419400117390e-22
4.471889482892536627e+00 9.691643538551086397e-23 1.684296003710857901e-22
4.477279218848228659e+00 -3.912342939932994660e-23 1.714225223132912556e-22
4.482661715599595809e+00 2.991523243105038776e-23 1.709307018319479714e-22
4.488036981554111904e+00 1.121178622702716843e-22 1.754615241193033364e-22
4.493405023511678920e+00 4.956353315979071313e-23 1.732252207126096667e-22
4.498765849940618011e+00 1.242621231332079055e-22 1.690303532369010453e-22
4.504119469657685393e+00 1.962734908862243449e-22 1.685282279181541859e-22
4.509465889240748204e+00 1.305811665363659460e-22 1.694234714379962215e-22
4.514805117240700660e+00 3.154206711651908867e-23 1.677258232328545349e-22
4.520137162231574912e+00 -6.377932113056057097e-23 1.677927253134992995e-22
4.525462031533939111e+00 -9.286925883315425010e-23 1.710089873664277212e-22
4.530779733775305296e+00 4.670910995621365830e-23 1.718111432550508295e-22
4.536090276655337483e+00 1.945421342203630318e-22 1.709967504865297761e-22
4.541393667905138543e+00 8.038953413282519012e-23 1.740180791040635753e-22
4.546689916543430243e+00 9.446306874971431994e-23 1.731162750039053029e-22
4.551979030667560266e+00 -4.734783362435167990e-23 1.731431089008868456e-22
4.557261017154809579e+00 -7.047127783766583329e-23 1.758462839063816592e-22
4.562535885406204805e+00 7.820146478458613745e-23 1.789630706440069148e-22
4.567803642979814782e+00 1.292816386603914419e-22 1.753487275980804372e-22
4.573064298082096357e+00 1.554200330094015909e-23 1.793699000699324626e-22
4.578317858944726204e+00 -6.460158383473099704e-23 1.813131078775796011e-22
4.583564333824211801e+00 2.939672617300431656e-23 1.773774769518961994e-22
4.588816820846041367e+00 4.861146717151701630e-23 1.769645677346709494e-22
4.594062222055037559e+00 7.764406542374451955e-23 1.784110667044232858e-22
4.599300546373282117e+00 -2.961585949799797107e-23 1.761545768084358350e-22
4.604531801529687662e+00 -1.001525392742169848e-22 1.784588042384455474e-22
4.609755995282749375e+00 2.180053126540063270e-23 1.788092383303083028e-22
4.614973136621380867e+00 -1.084641401799542968e-24 1.788581686961515277e-22
4.620183233354096863e+00 -3.960603278356640886e-24 1.795891563004263064e-22
4.625386293913797964e+00 3.181398372248312013e-22 1.888036857728195758e-22
4.630582326755137146e+00 2.228338009340002936e-22 2.054725612462905679e-22
4.635771340354147618e+00 2.598791284151204320e-22 2.276407585913517175e-22
4.640953342618623800e+00 3.081699746600642393e-22 2.029528949609103892e-22
4.646128342070103834e+00 6.870784140667596659e-23 2.020889594297219393e-22
4.651296347835164546e+00 6.828215167830850263e-23 1.834011759662855842e-22
4.656457367306644279e+00 9.199949265167769110e-24 1.859493673906897054e-22
4.661611409069625012e+00 -5.309871095293319644e-23 1.879023152719699924e-22
4.666758481728385810e+00 -7.902427318106071732e-23 1.871357764959833197e-22
4.671898593330134908e+00 2.226928581702469454e-22 1.964606028028775206e-22
4.677031753093972455e+00 2.844990914894147052e-22 1.959828478514291077e-22
4.682170552819514775e+00 2.158611121780141820e-22 1.921659444734349307e-22
4.687302401166071775e+00 1.385930848681406470e-23 1.898513673042238501e-22
4.692427305684498506e+00 -1.888890825872043308e-24 1.880277139720297995e-22
4.697545276226245292e+00 1.510549873935178058e-23 1.848690692378660240e-22
4.702656320951136948e+00 -3.580741329495091091e-23 1.862007023007808619e-22
4.707760447478101185e+00 4.884204282747113063e-23 1.861384672191339765e-22
4.712857665138370677e+00 1.032113538529309784e-23 1.887015169585332991e-22
4.717947982154970354e+00 -8.213455855030548909e-23 1.906218904535813211e-22
4.723031407329670195e+00 -1.205792504312878393e-22 1.885229096370477255e-22
4.728107948369603797e+00 -1.211440073396059789e-22 1.884570182783788072e-22
4.733177614667379629e+00 -7.640061866728965802e-23 1.908732805180361251e-22
4.738240413972135023e+00 7.423369093678409046e-23 1.925444426428865281e-22
4.743296355705244771e+00 1.063617616049713099e-22 1.981322264294042079e-22
4.748345447656478591e+00 1.053173099636049738e-22 1.927961067201170504e-22
4.753399914209597732e+00 1.361121219697192053e-22 1.913668715824525075e-22
4.758447532603168106e+00 1.239563826463195317e-22 1.951005260315792601e-22
4.763488311764507266e+00 1.892856552977221730e-22 1.934579690786302197e-22
4.768522259551923881e+00 1.685865246835668499e-22 1.933242286377245712e-22
4.773549384926054628e+00 5.347780945086689663e-23 1.943056526924122855e-22
4.778569696323135219e+00 -7.132899870510136729e-23 1.932243214026203942e-22
4.783583202197282169e+00 -7.174208718229084038e-23 1.985185233265818545e-22
4.788589911020183720e+00 -6.098176831569269149e-23 2.025586871024777403e-22
4.793589831811831736e+00 1.738044109852383735e-22 2.041443826310205270e-22
4.798582973603722657e+00 -1.333823469759800786e-23 1.979644016899532904e-22
4.803569344384391648e+00 -2.935726978271399781e-23 1.972347850544849101e-22
4.808560896672537055e+00 1.557826263210667681e-22 2.020778199819943739e-22
4.813545679457700288e+00 4.078813179318809185e-23 1.990805742562442681e-22
4.818523701823820282e+00 1.454160602698948816e-22 1.972877769856379857e-22
4.823494971821731703e+00 9.093452983778883745e-23 1.981742745924367061e-22
4.828459498562573060e+00 8.759874608580437982e-23 1.983140222155041120e-22
4.833417290649446585e+00 3.044119422176606051e-22 2.011839361126305763e-22
4.838368356700269324e+00 2.212766205652433751e-22 2.047204631987778620e-22
4.843312705347477376e+00 3.546737359876218639e-23 2.026304091029884234e-22
4.848250345237726577e+00 -2.232976319187825971e-22 2.018211663025279812e-22
4.853181285031609171e+00 9.494024496168056115e-23 2.034495052557489895e-22
4.858117239865045178e+00 1.237908737768252349e-22 1.998228793379649433e-22
4.863046495962024984e+00 3.779925232164604923e-22 2.029964288870268778e-22
4.867969063036002630e+00 3.425425159812423241e-22 2.047376268537819104e-22
4.872884948783232417e+00 1.897098059043717559e-22 2.043017669063170341e-22
4.877794162432385505e+00 1.687995265945811348e-22 2.047879792336715123e-22
4.882696712718290755e+00 2.381575455362374551e-22 2.052511092281599301e-22
4.887592607888641361e+00 2.664315911318320264e-22 2.059989100483632123e-22
4.892481856705692245e+00 2.070362684935855683e-22 2.097035665645873393e-22
4.897364468439068474e+00 9.254673900721874133e-23 2.046901787354426392e-22
4.902240451377100072e+00 3.319834177475220840e-22 2.096775896357666056e-22
4.907121289009889864e+00 1.323988460212918179e-22 2.132919681229009164e-22
4.911995500052748653e+00 1.583597523822087359e-22 2.140751597617640148e-22
4.916863092831162518e+00 5.839343274174780416e-23 2.151564573711205909e-22
4.921724076175076235e+00 -2.423062089642829750e-22 2.144004623593311668e-22
4.926578458924796955e+00 8.111511507021996715e-23 2.232733269075588753e-22
4.931426250415990253e+00 3.304853798037219188e-22 2.181326929229499390e-22
4.936267458538877939e+00 3.458483079613224468e-22 2.242750140241047260e-22
4.941102092166413939e+00 1.275679919057855192e-22 2.193376454752448436e-22
4.945941460886305485e+00 1.617259575887480256e-22 2.199631966829093213e-22
4.950774257562697400e+00 1.750125859611776004e-22 2.222117608985164819e-22
4.955600490138470704e+00 1.145011929988429646e-22 2.229527388066051219e-22
4.960420168482343684e+00 3.967747485342371598e-23 2.153043195394943116e-22
4.965233301036763969e+00 9.298739517410753858e-23 2.178116075153094029e-22
4.970039895783991746e+00 8.092803029938397726e-23 2.216994405570508166e-22
4.974839962138704053e+00 -1.439065519407957542e-23 2.205312118488153824e-22
4.979633509048820628e+00 8.189134451783337785e-23 2.210840668579136751e-22
4.984431674819473024e+00 2.332505337397845760e-22 2.198211099032599439e-22
4.989223323359255780e+00 -3.715831682054111732e-23 2.189415224815810840e-22
4.994008462709016882e+00 -2.610596090278356792e-22 2.205353196473460443e-22
4.998787102321584186e+00 -7.629452582920369318e-23 2.239677639290436097e-22
5.003559251188570478e+00 -4.588541420220045475e-23 2.239154190925953947e-22
5.008324917846538327e+00 -1.329615957752838015e-22 2.269680795798512272e-22
5.013084110383106307e+00 1.493368543298093409e-23 2.290382682691841197e-22
5.017836838276443778e+00 -3.581804589832079734e-24 2.277287148157744127e-22
5.022594072063147230e+00 -9.105105235562807197e-24 2.299341048193021874e-22
5.027344843194911483e+00 -8.489952969664818768e-24 2.302863996951721116e-22
5.032089161170219427e+00 6.924652645977262989e-23 2.276971616339497000e-22
5.036827034127183467e+00 -1.096781359707520606e-22 2.302744239952738127e-22
5.041558470670484127e+00 -1.323355826585823605e-22 2.274917911593713422e-22
5.046283480315373993e+00 -7.930995071513986079e-23 2.297761203976121312e-22
5.051002070782165454e+00 -1.000979525514240529e-22 2.322578065684077102e-22
5.055725073425975324e+00 1.272209433137074518e-22 2.337761315194875324e-22
5.060441660425509802e+00 1.073104373945006914e-22 2.378213519741254930e-22
5.065151840424936935e+00 7.550744854088058845e-23 2.323876962404709273e-22
5.069855622077139579e+00 1.435769289653632526e-22 2.326482082853305791e-22
5.074553014043494237e+00 -2.414080371608096589e-23 2.335863072135377628e-22
5.079244024993623263e+00 1.007620682996742877e-22 2.343282806774848193e-22
5.083928663605183473e+00 2.033346351611754854e-22 2.377384288568414169e-22
5.088617622906753901e+00 3.633489899137482885e-22 2.593696773367532301e-22
5.093300213124279274e+00 4.314572145362886063e-22 2.597758672689028498e-22
5.097976442082548409e+00 3.243770651096569726e-22 2.627427112067506056e-22
5.102646319363049798e+00 3.106586391811504395e-22 2.676568142884861942e-22
5.107309853678573930e+00 3.531372677019114981e-22 2.636898203838428877e-22
5.111967053316845977e+00 3.361527103711445318e-22 2.666854394227962585e-22
5.116617927437488333e+00 -2.165273962818188480e-22 2.374818043413246986e-22
5.121273032929314795e+00 4.794419633984491424e-23 2.419203075414974977e-22
5.125921815460175779e+00 2.080195972337638670e-22 2.592071301589280939e-22
5.130564283779981416e+00 1.486069435199508098e-22 2.553361419429779026e-22
5.135200447070890739e+00 5.838627932347101887e-23 2.567646538349667471e-22
5.139830314092062480e+00 2.551126979423854363e-22 2.507141176132576842e-22
5.144453892762140157e+00 1.972126990150859125e-22 2.458183257517575883e-22
5.149081630612269755e+00 1.932859570390384547e-22 2.497065339520648810e-22
5.153703084082005503e+00 5.444895295766623689e-23 2.522542512677201658e-22
5.158318261534378557e+00 -2.427990435442289299e-22 2.489518945945203658e-22
5.162927171341670451e+00 -1.021748527880993400e-22 2.477659625735598510e-22
5.167529822302573628e+00 -2.967870615663038958e-22 2.542941730200581332e-22
5.172126223636315245e+00 -3.132940438328147062e-22 2.504651790441032224e-22
5.176726713365470189e+00 -7.249359199948845652e-23 2.509795637784065548e-22
5.181320955892031677e+00 7.332267775814101930e-23 2.883364513496769078e-22
5.185908960451782512e+00 -8.836828826993330704e-23 2.689990154567895653e-22
5.190490735868685590e+00 -1.022116014707426150e-22 2.705462967880205851e-22
5.195066290149970456e+00 3.514605073139406243e-22 2.692327773116090175e-22
5.199635632541183661e+00 2.145168669491086769e-22 2.648595788861237270e-22
5.204208993916702219e+00 -1.510048225808059026e-22 2.657677046437901706e-22
5.208776146783844041e+00 5.731211498910538574e-23 2.483330417247321659e-22
5.213337099178794176e+00 7.358483745728918806e-23 2.551853645411658813e-22
5.217891859958507794e+00 1.492578462645998071e-22 2.530932575016116478e-22
5.222440438386214190e+00 -4.340555683781389712e-23 2.512174847643040415e-22
5.226982842116275840e+00 -3.649287978365007890e-22 2.608526464138565106e-22
5.231529196763900380e+00 -5.309176188512329313e-23 2.534038167203719231e-22
5.236069381022817382e+00 2.709613367175109477e-22 2.537311639350151096e-22
5.240603403368941926e+00 1.742857102246047796e-22 2.509576541014192068e-22
5.245131271886387836e+00 2.378871803765462993e-23 2.505402350782389143e-22
5.249652995858753890e+00 2.279443283859266585e-22 2.534861994937669880e-22
5.254168584172455247e+00 4.552333640456406289e-22 2.556361326792426639e-22
5.258688056654849952e+00 2.889350603176120549e-22 2.554930079909134457e-22
5.263201395914482994e+00 1.987454591182669697e-22 2.565638630448663748e-22
5.267708611248677286e+00 4.071844256706662510e-22 2.597329360986037958e-22
5.272209711560969403e+00 4.592877859803736879e-22 2.908854051976402030e-22
5.276704704976364013e+00 -1.743852439543493752e-23 2.903364334819508898e-22
5.281203530744206454e+00 -6.467481032089136102e-23 2.890246575793298321e-22
5.285696253326706895e+00 -1.055812848110293373e-22 2.691067168009329573e-22
5.290182880868051996e+00 nan nan
5.294663422292762434e+00 nan nan
5.299137886525828733e+00 nan nan
5.303606282109273984e+00 nan nan
5.308078445580914462e+00 nan nan
