6.025500540697117380e-01 -9.835944960705129202e-21 1.118238300681769351e-20
6.051543430096333331e-01 -8.362708985293645562e-21 6.358339124483725379e-21
6.077698879785551345e-01 -1.041506854971755495e-20 5.919100762070724262e-21
6.104405922194372502e-01 -3.141572253544648352e-21 5.767740380008144521e-21
6.131230322525713650e-01 -2.413265246962756981e-21 5.699359238630479242e-21
6.158615710927428655e-01 -6.504896942181574455e-21 5.785226977445775596e-21
6.186123417274882463e-01 -6.088829936914943426e-21 5.705365762067165801e-21
6.214201649796703419e-01 8.008325340344831005e-21 6.202140182371615431e-21
6.242407326775798460e-01 -1.267229908301536999e-21 5.543507117211099870e-21
6.271193218504675926e-01 -1.991191548278646244e-21 5.471998996766836175e-21
6.300111851901830651e-01 5.057490238569105020e-22 5.290985619871966663e-21
6.329620539478978403e-01 -7.413715221925365404e-22 5.150449554177661141e-21
6.359267440894706969e-01 1.394254678586405805e-21 5.081736375240124594e-21
6.389514398071365342e-01 -4.578356125208901130e-21 5.979059345947906713e-21
6.419905220626692666e-01 -9.435836080348934034e-22 5.914312150903258335e-21
6.450906249625563138e-01 -9.667904673033762101e-21 5.810206902183170900e-21
6.482056979245541806e-01 -1.205682896475531541e-20 5.903312982277163774e-21
6.513828225109531411e-01 -2.387943356093264389e-21 6.366363535051818713e-21
6.546227380584184186e-01 -1.482148620943735293e-21 6.155121307065679569e-21
6.578787686343922081e-01 1.081444551286596440e-21 4.355309866920384982e-21
6.611986480647404907e-01 -3.545473231427596839e-22 4.178686815137762270e-21
6.645352807328547273e-01 7.623687539386367942e-22 4.013884312155846139e-21
6.679368363652395946e-01 5.280384276382530084e-22 5.652874461177960751e-21
6.714040693195750809e-01 6.453375160299027296e-22 4.942441592062753044e-21
6.748893005391733979e-01 5.045111925212808634e-21 4.778308714748522615e-21
6.784413102661531747e-01 1.494360204240061695e-21 4.552880314439062784e-21
6.820120145747340379e-01 3.691557517643230128e-22 4.418862410895588874e-21
6.856506156734184509e-01 3.279948889882120395e-22 4.300837277495047457e-21
6.893578819877133057e-01 -8.704875424357515964e-22 3.308160658689522777e-21
6.930851932391975945e-01 -1.692721279994318393e-21 3.244762091166599099e-21
6.968823150033833791e-01 -1.652943529795728638e-21 3.188746877207630931e-21
7.007500224820050194e-01 -3.390747773659496429e-21 3.170318427807922631e-21
7.046391957961318786e-01 -9.512868816706170689e-22 3.101331265347144876e-21
7.086001285551408735e-01 3.760386852411695310e-21 3.177157613246835099e-21
7.126336025533792640e-01 5.081158338474378444e-22 3.449737018631495688e-21
7.167404007380631104e-01 -2.250224278776947326e-21 3.482552812631697559e-21
7.208708657709972378e-01 -6.109967649044608152e-22 3.599086745125479159e-21
7.250758657955488351e-01 -9.335176421185773965e-22 3.325099037142846579e-21
7.293561893492831461e-01 -4.038574161156808100e-22 3.103487514337334498e-21
7.337126249414821499e-01 3.617480997482262624e-22 3.240723391183429198e-21
7.380950814701535689e-01 -9.463010606983240124e-22 3.139570422479460599e-21
7.425548977574412124e-01 3.832468804110281719e-22 3.081159196763851065e-21
7.470928666344351932e-01 3.232842769402236669e-21 3.273487735557179953e-21
7.517097800586302059e-01 2.418441815727034948e-21 2.648608118354858263e-21
7.564064291152469144e-01 4.125262766054289110e-21 2.454449097709859356e-21
7.611836039709667379e-01 2.520090128131081649e-21 2.320596300601221635e-21
7.659909496432260045e-01 4.053331132922939270e-21 2.388192223928475503e-21
7.708801226252915972e-01 4.303399360128127255e-21 2.381842640440040465e-21
7.758519145605653478e-01 1.458355062793206302e-22 2.271267019639337317e-21
7.809071151366762109e-01 -9.089341428158815703e-22 2.226101561559489687e-21
7.860465112884800210e-01 -1.012511718095274341e-21 2.212758134339642025e-21
7.912708871343260286e-01 -1.282340838786156901e-21 2.165834028857537711e-21
7.965810256852798865e-01 -1.642900637002271918e-21 2.102904913489384907e-21
8.019777037831692379e-01 1.582976046255583659e-21 2.101422548030151582e-21
8.074616967949500568e-01 3.303080934619064990e-21 2.211159725471655925e-21
8.130337746466369531e-01 4.167582093624258597e-22 2.297849967779936494e-21
8.186947048024171281e-01 5.871885230025701181e-22 2.261458323186159998e-21
8.244452494612434235e-01 7.280628129248118363e-24 2.040109284565999786e-21
8.302861649815730383e-01 -3.907664444113254741e-21 1.963183926034951419e-21
8.362182044522639135e-01 -2.571191817242238966e-21 1.945213864600217257e-21
8.422421145094343142e-01 1.819364916363465480e-22 1.929813013799715100e-21
8.483586362377047996e-01 3.472006796995473210e-22 1.890069728655252457e-21
8.545685038639353470e-01 1.920992588980814706e-21 2.161959203930614179e-21
8.608724462303246616e-01 -4.118834441430424221e-22 1.863934723435641340e-21
8.673187819280190336e-01 2.028557145223358238e-22 1.820826536241506748e-21
8.738606263877395364e-01 2.107127886783651674e-22 1.836867755907883464e-21
8.804986733794045728e-01 -1.044660717783074694e-21 1.804139843730913522e-21
8.872336109089540290e-01 2.155593247981320273e-21 1.959392396370388894e-21
8.940661168958577987e-01 -1.465575876507103269e-21 1.704732841176488037e-21
9.010416850671861821e-01 -1.082324024198382117e-21 1.682137821582826032e-21
9.081160387632071229e-01 -1.581811229301265588e-21 1.641237516211568823e-21
9.152898142090181155e-01 2.531009896944700727e-23 1.623643906586720005e-21
9.226061645206690143e-01 -1.864090711312758548e-22 1.654704241595223381e-21
9.300229919080003071e-01 5.658750096098834406e-22 1.873088240772359228e-21
9.375408884585987312e-01 -4.422855657943107714e-22 1.872914424038046791e-21
9.452004078749710603e-01 4.386279382053778260e-23 1.830420792817294422e-21
9.529618786425962940e-01 5.058019845687265778e-22 1.529004079969986585e-21
9.608258452751285983e-01 -6.593851110277335059e-23 1.473009839313062088e-21
9.688300166236485378e-01 -1.659820036255030289e-22 1.447236522214528240e-21
9.769373871633448836e-01 3.484865956327709620e-23 1.626555240018124561e-21
9.851833101184689356e-01 -4.186699720943362643e-22 1.363215200019469761e-21
9.935329947818265506e-01 -2.050134707311106485e-22 1.522551020285080617e-21
1.002019329148986948e+00 -9.323179624731790897e-22 2.056417380856916015e-21
1.010609848956622203e+00 -5.423904402483800449e-22 2.301098730431216265e-21
1.019334873527890206e+00 5.282033894060532486e-22 1.895726658508854649e-21
1.028164361084285439e+00 -2.042205686116964854e-22 1.291157351194606837e-21
1.037125974269667239e+00 -1.491947515074766548e-22 1.139843317276098776e-21
1.046217626746796192e+00 -8.697525746116879661e-22 1.120165084613486789e-21
1.055413586955457728e+00 -1.664462572625337617e-21 1.083972041353465580e-21
1.064736849703828980e+00 -3.363369743019956540e-22 1.061182020828615927e-21
1.074185110420714073e+00 -6.852225293266680787e-22 1.083721996730193305e-21
1.083737127858648730e+00 3.129625872550149477e-22 1.016319002754562119e-21
1.093411083545620777e+00 5.366125683043053893e-22 9.777334923798275572e-22
1.103204482879324821e+00 -8.112482484135124787e-22 1.068764815091936152e-21
1.113114767904133329e+00 -6.502506924657546504e-22 1.108327790688244513e-21
1.123127218693677820e+00 -4.481525520282245167e-23 9.740341593134869820e-22
1.133253114804642969e+00 1.864220489521457385e-22 9.640627513420678023e-22
1.143489750873906141e+00 9.242802044682304833e-22 9.174268742530803259e-22
1.153834375376251442e+00 2.999633426921920370e-22 8.488136140058936776e-22
1.164284193727559868e+00 9.651086166647048219e-22 8.193965023448913135e-22
1.174836376923817705e+00 1.270262401647698993e-21 8.841661338857444973e-22
1.185488066304234422e+00 1.407075223476787985e-21 8.838446147321350486e-22
1.196236375395241414e+00 -1.037445573940343847e-21 7.947272682549704932e-22
1.207078396174792623e+00 -5.133297920507119610e-22 7.926312880991291081e-22
1.218011205012903719e+00 9.639519980057808112e-22 7.794202155377451452e-22
1.229031864462274637e+00 2.109182749932872628e-22 7.522661061777964717e-22
1.240137430909742156e+00 -5.974160218493108714e-22 7.493892314161130779e-22
1.251324959401709958e+00 -5.784461381073934533e-22 7.176766764332470180e-22
1.262591500350882745e+00 1.626123839739380235e-22 7.075765977579475725e-22
1.273934111162560168e+00 5.649418087663569575e-22 7.006931205402935579e-22
1.285349857333029755e+00 6.595705409807032300e-22 6.878555295176657422e-22
1.296835815705953188e+00 1.933753163041139350e-22 6.790101611212568139e-22
1.308389079979376701e+00 -3.295650209275560521e-22 6.771589599639056344e-22
1.320006759346960434e+00 2.897593569751548954e-22 6.621648322772099475e-22
1.331685987218174327e+00 4.476346687867165469e-22 6.408599370596531772e-22
1.343423919179714154e+00 4.161481143891701604e-22 6.231113871106559915e-22
1.355217739772139884e+00 6.083003969418694330e-22 6.257308942605995625e-22
1.367064661101440537e+00 3.299226346013406637e-22 6.215969251297928817e-22
1.378934481409195056e+00 -1.191355948054405158e-22 6.150273391621561350e-22
1.390850379079409560e+00 -2.670778690052034894e-22 6.198346534538421619e-22
1.402809699423576362e+00 3.311135808938654423e-22 6.187132886761093186e-22
1.414809828185459972e+00 7.574548410644319504e-23 6.163410810220979828e-22
1.426848187314150085e+00 1.842896569738398918e-22 6.168515610211644267e-22
1.438888249143777776e+00 7.457621731583223156e-23 6.124841048712898792e-22
1.450960151386669672e+00 -1.801389288217776753e-22 6.934403743302454620e-22
1.463061481534098540e+00 -9.542416921862278406e-23 6.875886970799846437e-22
1.475189869835402900e+00 4.727998791738671928e-22 5.956482875341338296e-22
1.487342991622950361e+00 -2.011236985478997231e-22 6.253673397227170187e-22
1.499479310063492665e+00 -5.060146196489041507e-23 6.459656885081071271e-22
1.511634681318708928e+00 2.541632930176449504e-22 6.533035141103873997e-22
1.523806959557935992e+00 8.269682455886773004e-22 7.187167609163098700e-22
1.535994043157231648e+00 1.898085012619033291e-23 6.954933827545090031e-22
1.548193878547713620e+00 -3.558331399230771508e-22 6.934352366472126935e-22
1.560361132183217370e+00 -5.125767580892052808e-22 5.561693781751955593e-22
1.572536188157843684e+00 -2.797102825201394133e-22 5.399333565967198788e-22
1.584717173216181552e+00 -2.618289318607002803e-22 5.289755222492373975e-22
1.596902257804984959e+00 -3.820413871404796802e-22 5.198167314976048157e-22
1.609089663873345177e+00 -5.751846555152335315e-22 5.153986575894702231e-22
1.621231332995863861e+00 -6.270389870141496276e-22 5.091188794319897771e-22
1.633371084438775878e+00 -3.412687689249450214e-22 4.994680941526343943e-22
1.645507310363057973e+00 -3.375750870903062840e-22 4.905628485863757395e-22
1.657638444213105577e+00 -6.900369106254369578e-23 4.749142051915407500e-22
1.669762968851383089e+00 1.108026868815126547e-22 4.695237326240923549e-22
1.681831035289408804e+00 -3.794777386740963075e-23 4.662597286535702350e-22
1.693888924142827213e+00 1.571549504638603853e-22 4.607223237183862390e-22
1.705935274738955565e+00 -3.816745587010632763e-23 4.531465684815143888e-22
1.717968769798139839e+00 -1.159242347139385807e-22 4.577159851855852674e-22
1.729988130932686996e+00 -1.947757302318474484e-22 4.432057369089267166e-22
1.741942499028027447e+00 -8.288213411582371200e-23 4.398375444719119874e-22
1.753879776385962597e+00 -1.178917974983118495e-22 4.752219218554508742e-22
1.765798831793880863e+00 -1.577247793392215454e-22 4.321399430094099466e-22
1.777698568473182972e+00 -2.803987087688184582e-22 4.220135583382540194e-22
1.789577927860516615e+00 -1.750636134844853900e-22 4.188716437858327574e-22
1.801435891177042503e+00 2.030313674340144104e-22 4.069621702831341552e-22
1.813221187610051910e+00 5.196039477033941829e-23 4.357445134560013648e-22
1.824982766884555518e+00 3.089506053822106086e-22 4.483042351602485170e-22
1.836719731979109538e+00 4.961194840537200822e-22 4.087431747627662395e-22
1.848431219527370883e+00 3.182140363100223840e-22 4.458145801246318053e-22
1.860116400247525004e+00 1.958431262394616718e-22 3.978891637764021098e-22
1.871774472803300338e+00 5.509386005466545620e-22 3.918330915656026993e-22
1.883404669864032988e+00 8.715528726020889037e-22 3.941947378088918773e-22
1.894956077849988763e+00 1.223818541620701534e-21 3.880428826477651560e-22
1.906477907710358854e+00 1.246282135346879953e-21 3.802259421238813683e-22
1.917969496960512554e+00 1.903822658659026645e-21 3.696510183713116863e-22
1.929430206571494999e+00 2.570569731690031487e-21 3.712760973769719039e-22
1.940859425768938662e+00 2.407499031304540269e-21 3.634790782686944646e-22
1.952256569750900450e+00 2.782301037846608664e-21 4.055197265120261629e-22
1.963621078329720104e+00 2.708388911811187104e-21 4.010558274693082582e-22
1.974952416276190670e+00 2.186459522259326712e-21 3.523166321823644488e-22
1.986250072794674582e+00 1.898016589354515252e-21 3.446669500153611270e-22
1.997513560183640458e+00 2.146552958249388970e-21 3.421637084697461639e-22
2.008742412537886324e+00 2.500750377885236937e-21 3.466677462702215795e-22
2.019936186079084539e+00 2.252255043800885541e-21 3.453022641954332461e-22
2.031094459443298028e+00 1.903449987327828881e-21 3.427571125522062916e-22
2.042216828505565296e+00 2.217117636681797523e-21 3.369304463990569538e-22
2.053302913701772869e+00 2.221433091813271963e-21 3.747217080569286918e-22
2.064352352568259885e+00 2.410931958051480655e-21 3.367102092289219162e-22
2.075364801622262778e+00 2.355667549615120504e-21 3.336311609276839908e-22
2.086339937382543752e+00 2.529322431630732526e-21 3.299634083530765791e-22
2.097277451478933852e+00 2.589435550861808274e-21 3.503503207186399837e-22
2.108177055372034037e+00 2.465874698288099032e-21 3.500880608607106933e-22
2.119038476967944895e+00 2.477634025029114532e-21 3.305644264715787036e-22
2.129861456694460031e+00 2.525137837770102961e-21 3.347584249991393396e-22
2.140645756970044999e+00 2.149849830981254080e-21 3.411904855430901715e-22
2.151391151239916422e+00 2.234441931172775639e-21 3.134766422466259411e-22
2.162097427826732865e+00 2.332574900641481701e-21 3.156986132642906926e-22
2.172764391546293528e+00 2.605088985400972017e-21 3.146493771968020407e-22
2.183391858605282287e+00 2.689874994849610747e-21 3.109418595926760942e-22
2.193979660907843687e+00 2.484068356816163293e-21 3.783880249359557166e-22
2.204527641723379894e+00 1.960677927118083511e-21 3.688184668149029852e-22
2.215035657950458869e+00 2.186812093790218793e-21 3.056068628674263928e-22
2.225503576578306220e+00 2.054924016011854702e-21 3.448156506023003395e-22
2.235931278789429655e+00 2.009819086481536298e-21 2.984495905741645297e-22
2.246318656454098672e+00 1.821876126836078644e-21 2.933728999977573103e-22
2.256665611838330587e+00 1.820148217552889994e-21 2.874497132486699789e-22
2.267016028134699823e+00 1.859474009862093925e-21 2.959073504401806450e-22
2.277325802075043093e+00 2.082304454762860815e-21 2.856862982676633306e-22
2.287594863430622016e+00 1.772989020455231817e-21 2.838178457634029652e-22
2.297823150147509708e+00 1.966974574753059150e-21 2.848357307971723100e-22
2.308010609278966285e+00 2.015665535833250808e-21 2.901311560161012016e-22
2.318157197855447382e+00 1.635440357578136476e-21 2.844817561948952023e-22
2.328262881453587507e+00 1.663725202299414918e-21 2.733918598501535771e-22
2.338370014958925491e+00 1.697969392718071569e-21 2.745171666913008073e-22
2.348436117401302869e+00 1.673079509253071620e-21 2.740069966445464339e-22
2.358461176245485458e+00 1.820080045045197670e-21 2.686560131865241586e-22
2.368445186599126728e+00 1.928221113471885342e-21 2.677303075321462587e-22
2.378388148854025275e+00 1.629139156253190460e-21 2.685800395417215568e-22
2.388290069600140342e+00 1.591825251642852544e-21 2.638206116789158426e-22
2.398191982620303531e+00 1.899425751332437577e-21 2.636305798955208946e-22
2.408052797314140570e+00 1.865861590311065199e-21 2.647740203979282679e-22
2.417872538957672734e+00 1.690186457249452395e-21 2.611120567787113354e-22
2.427651240302626245e+00 1.544075742218781241e-21 2.645510220238055952e-22
2.437429107889743207e+00 1.750606866955346049e-21 2.666906207822849259e-22
2.447165912437341717e+00 1.885232961645520582e-21 2.575644317150667984e-22
2.456861700529061387e+00 2.018238619910324693e-21 2.516722741007628547e-22
2.466516526460640790e+00 2.197845064609129017e-21 2.596930926066139858e-22
2.476130445286487625e+00 1.663260986388431092e-21 2.568182523004651300e-22
2.485742576563112038e+00 1.613646042183576534e-21 2.506488467006502366e-22
2.495313819964978030e+00 1.717181522012690507e-21 2.507807087058211399e-22
2.504844246254878559e+00 1.942124797584458729e-21 2.496204316946107492e-22
2.514333932076035172e+00 1.704243682248134251e-21 2.375132263080099258e-22
2.523821160680874698e+00 1.748897446963511052e-21 2.384817536506053453e-22
2.533267694719889995e+00 1.656437090209868575e-21 2.387309362303452492e-22
2.542673618614153419e+00 1.145883899696852637e-21 2.645620464723776002e-22
2.552076645087000717e+00 1.237960134073463026e-21 2.398656038984381909e-22
2.561439124632408415e+00 1.538906398737283171e-21 2.427418771250088835e-22
2.570761154838445250e+00 1.796187080079290875e-21 2.515325557576336195e-22
2.580042837311285808e+00 1.569680334993738595e-21 2.366258149036694826e-22
2.589321054421434898e+00 1.476789672256858083e-21 2.371875165047628856e-22
2.598559008257503855e+00 1.549801814294041374e-21 2.303855542246824324e-22
2.607756806347028444e+00 1.566532274009726377e-21 2.293070529050309326e-22
2.616950766021786556e+00 1.635613709544095246e-21 2.328838717377952550e-22
2.626104668746295445e+00 1.627862045336078324e-21 2.281453669914866299e-22
2.635218633854678139e+00 1.490411765891284999e-21 2.278027792045862363e-22
2.644328409715501316e+00 1.496820879880954533e-21 2.274138042537610208e-22
2.653398359894557412e+00 1.481710957377147929e-21 2.265917961429559927e-22
2.662428608265511087e+00 1.422808933270145792e-21 2.259288375332642759e-22
2.671454342431718754e+00 1.462630978716810338e-21 2.235228469479754257e-22
2.680440499617340322e+00 1.355310224972810997e-21 2.778561792357003808e-22
2.689421954831050066e+00 1.289342357386608057e-21 2.828245298229988564e-22
2.698363963073839411e+00 1.305947363692603905e-21 2.736670657364000137e-22
2.707266657712521951e+00 1.382161430711367958e-21 2.202172545636531631e-22
2.716164361307158437e+00 1.301098814651339132e-21 2.423488920509992685e-22
2.725022891924205215e+00 1.354082193230188395e-21 2.281301238480383737e-22
2.733842389800993367e+00 1.651739964698782231e-21 2.230679559489544028e-22
2.742656625803765014e+00 1.561531411447091670e-21 2.214586523676149147e-22
2.751431979383192505e+00 1.452799514582086688e-21 2.244456109931902727e-22
2.760201915189410826e+00 1.354457307433950946e-21 2.114334052178946607e-22
2.768933123549021769e+00 1.284839176645316281e-21 2.137745592673392951e-22
2.777625750421198525e+00 1.541339746757635786e-21 2.193053031108196277e-22
2.786312720176605584e+00 1.287977738552573766e-21 2.169396922009642463e-22
2.794961271855104901e+00 1.312542759599713256e-21 2.274428108773150332e-22
2.803604028597088238e+00 1.413104477011491822e-21 2.147259485352225595e-22
2.812208533959567713e+00 1.709421816303532400e-21 2.820943505104042867e-22
2.820807111732262840e+00 1.117472392851992018e-21 2.606719528059755536e-22
2.829367609257018579e+00 1.398874999366167471e-21 2.978727390081594103e-22
2.837890182235647707e+00 1.803973463148672320e-21 3.085200851127895204e-22
2.846406624628610604e+00 1.247597249819682639e-21 2.256775699740035235e-22
2.854885319820213763e+00 9.453036549649066461e-22 2.386784778712746147e-22
2.863357767326551340e+00 8.993985703612859403e-22 2.311721780873131743e-22
2.871792648139884996e+00 1.118267657721722123e-21 2.744720781225998473e-22
2.880221169384791224e+00 1.417208036510079234e-21 2.764996222399666715e-22
2.888612308039598453e+00 1.405897026827680798e-21 2.592103072264619024e-22
2.896996979682557871e+00 1.648865685989117616e-21 2.409121509442989528e-22
2.905344456218907911e+00 1.613014018713885644e-21 2.155395636933392117e-22
2.913685364443756143e+00 1.400384616790840601e-21 2.078083863244558256e-22
2.921989266999960755e+00 1.298198888909966560e-21 2.131036882636388651e-22
2.930286503482929295e+00 1.257883432977180734e-21 2.134116229256314619e-22
2.938546926749918686e+00 1.114276353818269569e-21 2.064867587499866439e-22
2.946800591992303708e+00 9.211770232313295002e-22 2.061139914775230210e-22
2.955017638695192073e+00 1.002552612551721265e-21 2.078702655122661898e-22
2.963227839871913183e+00 1.003201391965920830e-21 2.051157464608859914e-22
2.971401618679263112e+00 1.173834156996517319e-21 2.068059286142866712e-22
2.979568468772684664e+00 1.253522433297632544e-21 2.407995832798564759e-22
2.987699095734780208e+00 1.096275144713339782e-21 2.440961273970462739e-22
2.995822714411987775e+00 9.169454038765031411e-22 2.477445603280393122e-22
3.003910310948440632e+00 6.809739759813130984e-22 2.151715858546173220e-22
3.011990824249467291e+00 9.892229567236028981e-22 2.208362302912188797e-22
3.020035516915812845e+00 1.237760811445006951e-21 2.230251789647830013e-22
3.028073055320484652e+00 8.656454929269984735e-22 2.165965162283434257e-22
3.036074977728735913e+00 8.433231063180713463e-22 2.114521517348627471e-22
3.044069678112231170e+00 7.001414758212783822e-22 2.056914485775859023e-22
3.052028967407449223e+00 7.558422320943272863e-22 2.065891701615757752e-22
3.059980971140637163e+00 1.003319768770624176e-21 2.111206836509536259e-22
3.067925663290717697e+00 9.731662120972750376e-22 2.442586204640626055e-22
3.075835188983823798e+00 1.124536249500889724e-21 2.879805272610430354e-22
3.083737343704456180e+00 1.213190110487203383e-21 2.354500262050917756e-22
3.091604540791899058e+00 9.266147215575796664e-22 2.023831167439040183e-22
3.099464310950593937e+00 8.067067857126151177e-22 2.039538886373358859e-22
3.107289331728847692e+00 9.149956996259385898e-22 2.072083685604531956e-22
3.115106873448840741e+00 5.177897086204573685e-22 2.416358089383605655e-22
3.122916914332153571e+00 1.031892525302297126e-21 2.057451730408199774e-22
3.130692457117718153e+00 1.051643017284603386e-21 2.049569149492415533e-22
3.138460450142379177e+00 8.869583626978186707e-22 1.951531269838312194e-22
3.146194155369777423e+00 1.066313166615821141e-21 1.958264393459630871e-22
3.153920265979456961e+00 1.029888988425844534e-21 1.968042836851426071e-22
3.161612300693432687e+00 8.389719149554170367e-22 2.028894898475851345e-22
3.169296699376310311e+00 8.266599169072048544e-22 1.960363319248557996e-22
3.176973440777951740e+00 8.961157977672287788e-22 2.115633702386497303e-22
3.184616362094515818e+00 1.221252477425737107e-21 1.965273465811283075e-22
3.192251588041542743e+00 1.018406984472075983e-21 1.987418479970703738e-22
3.199853207049444315e+00 8.442526050872962576e-22 2.036603561744785344e-22
3.207447094890807815e+00 8.993759493171013839e-22 2.022087927019295062e-22
3.215033234417944641e+00 8.205011275140516930e-22 2.045992232454111528e-22
3.222586023832260338e+00 7.513099543922769745e-22 1.900692553859346329e-22
3.230131033103244675e+00 9.542347317999170733e-22 1.906710051788695317e-22
3.237668246265460681e+00 9.654336574901806428e-22 1.896783126648650908e-22
3.245172367345911635e+00 6.601616350833045229e-22 1.885756653787010300e-22
3.252668663400947846e+00 6.245805703988435568e-22 1.839003177714779964e-22
3.260157118727750269e+00 1.037533953571023481e-21 1.858267646301938106e-22
3.267612741892322425e+00 1.000338211567001272e-21 1.870525711510888829e-22
3.275060497788063518e+00 7.220262624616317240e-22 1.937665926600612031e-22
3.282475635171266948e+00 7.736422654076555023e-22 2.048136034623289845e-22
3.289882882818425891e+00 6.204569799228570965e-22 2.257033175587528315e-22
3.297282226960124074e+00 6.714292028794478453e-22 1.844196640148977628e-22
3.304649211968330391e+00 7.246221065721622924e-22 1.864843388475149121e-22
3.312008273140133241e+00 9.472240322352991609e-22 1.849788327259533338e-22
3.319359398578792586e+00 9.350842569663589008e-22 1.815371386653349015e-22
3.326678424826580827e+00 6.095136638259031706e-22 1.807992988387853032e-22
3.333989497867139384e+00 6.416527697207532528e-22 2.095892480919922601e-22
3.341292605156839901e+00 7.964890159448545197e-22 2.185445769293558665e-22
3.348563874408698737e+00 1.000469815970119077e-21 2.009876300117444488e-22
3.355827163194158747e+00 9.774961261422535529e-22 1.798569600178553114e-22
3.363082461549030455e+00 8.910610943058369030e-22 1.831125171489117947e-22
3.370306181651351984e+00 8.129068177003691234e-22 1.917922498670748166e-22
3.377521898434865832e+00 7.088276422458647190e-22 1.870374073418259513e-22
3.384729602844397611e+00 9.301089995724946590e-22 1.817572295923866718e-22
3.391929285260062432e+00 8.579454359729564372e-22 1.837585782906730620e-22
3.399097697838619148e+00 6.672129642910731080e-22 1.866579024262161565e-22
3.406258078676155598e+00 8.091863583010232817e-22 2.129890460997541881e-22
3.413410419037067545e+00 8.307946840610192425e-22 2.275886393692067962e-22
3.420531749605919991e+00 8.122765189127368380e-22 2.961485676464596851e-22
3.427645033104177230e+00 6.431638067937215648e-22 2.297923358110307466e-22
3.434750260890994777e+00 9.457423988448727560e-22 1.832130600764265462e-22
3.441824738026032282e+00 6.999474781005500033e-22 1.792141887937998889e-22
3.448891155136026843e+00 6.666046596430322487e-22 1.789223512494958401e-22
3.455949505144010558e+00 8.068692123649798866e-22 1.858609289807417927e-22
3.462999781169183500e+00 7.196113595389246008e-22 1.958928308680342881e-22
3.470019614879578107e+00 7.965745389934085389e-22 2.178580698379851629e-22
3.477031371546839722e+00 8.373536009778754076e-22 2.256588548169723758e-22
3.484035045786481710e+00 5.433392009717199131e-22 2.285946977315806671e-22
3.491008535541723301e+00 6.082505973577613759e-22 1.867603632696967377e-22
3.497973941892887684e+00 8.574977624175122382e-22 1.827836772358719792e-22
3.504931260184086295e+00 9.264947436745528517e-22 1.911509604842268205e-22
3.511880484529495305e+00 7.109243361993299946e-22 1.831577765974579084e-22
3.518799831660651023e+00 6.374007327030016378e-22 1.785383932728279620e-22
3.525711086355185486e+00 7.545760683319849817e-22 1.779669263458476726e-22
3.532614244141979221e+00 7.498149654716153167e-22 1.957113796958959863e-22
3.539509301404990094e+00 7.578564440674056994e-22 1.998447677941085276e-22
3.546374786953106817e+00 6.594170518529428160e-22 1.828809754747586404e-22
3.553232175148837158e+00 5.108433926931182054e-22 1.939494889151599930e-22
3.560081463036184335e+00 5.988103428968378423e-22 1.931162833587242271e-22
3.566922646476655689e+00 5.366922396344440648e-22 1.826212064162267015e-22
3.573734562492423716e+00 6.145446966935563135e-22 1.823197900557669588e-22
3.580538380134687948e+00 8.524781932345950439e-22 1.788899881296926718e-22
3.587334097232460106e+00 7.834442795028927859e-22 1.818722184692950635e-22
3.594121709801998854e+00 5.919132980254792422e-22 1.837621822537541961e-22
3.600880358536488135e+00 4.244313286307037855e-22 1.847686478221158171e-22
3.607630910915215150e+00 4.531296228486586619e-22 1.870962722616567398e-22
3.614373364233804953e+00 5.843400792181074035e-22 1.889915629062517111e-22
3.621107717855816865e+00 4.872987977544085195e-22 1.933105585390879034e-22
3.627833969369280265e+00 5.125408289589349702e-22 1.842340637244533454e-22
3.634531607743885839e+00 5.026578159086050182e-22 1.847434395689762796e-22
3.641221153282972800e+00 4.310783441517633626e-22 1.852550563683968185e-22
3.647902605413676280e+00 4.141056336510970246e-22 1.963447460806694028e-22
3.654575961831019182e+00 6.487147728885900065e-22 1.939782769408746373e-22
3.661221005504998516e+00 6.696300836676247504e-22 1.897165736920011369e-22
3.667857966465223551e+00 6.040603887558949491e-22 1.894350954291179176e-22
3.674486842361897931e+00 3.333653993439138758e-22 1.915542948224970613e-22
3.681107633422696868e+00 3.226239765416422277e-22 1.899787501902947675e-22
3.687720339997748287e+00 5.785450502079499777e-22 1.830418501618800422e-22
3.694305080623884407e+00 6.617984520474260440e-22 1.834236997801664156e-22
3.700881749427069156e+00 6.361667182523292552e-22 1.925601557263205877e-22
3.707450346071100356e+00 6.373662036176523463e-22 2.042788760299677645e-22
3.714010870939088882e+00 6.426689809207356228e-22 2.122526507718159275e-22
3.720563324535241634e+00 5.286645762145300045e-22 2.190673317741735112e-22
3.727088158218162750e+00 4.941614858021902450e-22 2.004285496765815465e-22
3.733604935291452875e+00 6.754186710972251523e-22 1.881616264382998702e-22
3.740113656741229864e+00 8.924075209128996502e-22 1.893040724289271411e-22
3.746614322518946771e+00 8.486591229058706244e-22 1.927648491539533377e-22
3.753106934418879437e+00 5.189864295505890159e-22 1.921862101376148505e-22
3.759591492631778387e+00 3.626647890457505471e-22 1.891509856320765970e-22
3.766048822999394474e+00 4.243210468562370672e-22 1.882493273009375566e-22
3.772498117077461188e+00 4.590800165296423117e-22 1.878860922355295452e-22
3.778939376086584812e+00 4.428383286571703161e-22 1.888868650119886047e-22
3.785372601359727529e+00 4.710738824449765537e-22 1.890149876854227223e-22
3.791797794895741092e+00 4.715033948833508816e-22 1.922891273894709034e-22
3.798196100801750408e+00 4.683443007376783765e-22 1.914270216259850645e-22
3.804586393510304365e+00 6.367456576811207443e-22 1.903090041483485105e-22
3.810968674891957342e+00 6.042262939359061506e-22 1.938651212389931987e-22
3.817342946380302138e+00 4.558909049870736189e-22 1.889619679751841139e-22
3.823709210599058661e+00 5.901979084367862103e-22 2.064331771868775210e-22
3.830067469193643159e+00 4.232235207601363307e-22 2.066695089971766681e-22
3.836417724988363531e+00 5.749191498287627915e-22 2.429751768923639785e-22
3.842741527582024474e+00 4.155669312386728993e-22 2.388406802053260408e-22
3.849057347501875004e+00 5.697327685998712596e-22 2.415983966593439514e-22
3.855365187955280160e+00 5.933149814184413325e-22 2.021964549853018814e-22
3.861665050669623511e+00 6.429335289541832084e-22 1.958454554092050342e-22
3.867956939043382114e+00 8.974379128655767119e-22 2.148541954063408958e-22
3.874240856044548043e+00 5.508531219484240105e-22 2.205371440363016091e-22
3.880516804217434057e+00 4.416225581762456179e-22 2.334539079179288555e-22
3.886766729141588161e+00 4.027385634935527343e-22 2.316610699342297926e-22
3.893008707817567249e+00 6.928090147166880182e-22 1.976027234179467869e-22
3.899242742652784699e+00 6.339516026894635178e-22 1.959594620955843068e-22
3.905468838176529900e+00 4.223217101674280857e-22 2.074490119247419883e-22
3.911686996980196618e+00 5.288028749829819299e-22 2.050418473930920890e-22
3.917897222253904577e+00 4.942263626671445354e-22 1.972456948382563347e-22
3.924099518776771767e+00 4.667351040395477515e-22 1.958468434669347659e-22
3.930276216282686530e+00 2.653012899015135146e-22 1.969214006711148936e-22
3.936445008361671771e+00 4.118233238839499925e-22 1.992214759667690098e-22
3.942605897648296054e+00 5.387983390434354201e-22 1.980987633351593108e-22
3.948758889315676868e+00 5.486397747121452684e-22 1.975799949309597050e-22
3.954903986660402548e+00 5.474213327854693444e-22 1.996033802758584606e-22
3.961041194037129731e+00 6.177244730626861955e-22 1.991179958558631711e-22
3.967170515395961328e+00 6.434225927697569437e-22 1.975473701894757733e-22
3.973291954769169632e+00 4.959494718263001130e-22 1.996502202455887266e-22
3.979388263374158186e+00 2.514917271483035922e-22 2.004712594027678601e-22
3.985476715135423120e+00 3.215395678529002483e-22 2.010708812335122285e-22
3.991557314866905237e+00 5.414492738345139922e-22 2.026710900328876571e-22
3.997630066515197811e+00 5.364389729895643563e-22 2.110947100069855813e-22
4.003694975044690629e+00 5.259157905443481486e-22 2.071324124580174876e-22
4.009752045024495892e+00 5.198475084394821515e-22 2.047892850093714892e-22
4.015801281098738684e+00 5.640076718518722222e-22 2.071572199989253987e-22
4.021842687985700771e+00 3.857588917034296365e-22 2.125851878523535003e-22
4.027876270937362335e+00 5.477292886235719383e-22 2.065605231191719327e-22
4.033902034814726534e+00 8.003318513905149893e-22 2.058838378758301178e-22
4.039903221218274609e+00 7.466331719713941152e-22 2.059477577953034345e-22
4.045896615638119087e+00 5.925047028334676543e-22 2.102668800150316064e-22
4.051882221855123589e+00 2.984518730908103730e-22 2.247680256968379013e-22
4.057860045975843377e+00 6.418992105552479888e-22 2.087085577988003453e-22
4.063830092377717307e+00 7.723916707894061413e-22 2.134218840349869968e-22
4.069792366849296350e+00 4.252530825745534388e-22 2.278358272636533605e-22
4.075746874354042149e+00 4.772746601923632322e-22 2.167156222641568203e-22
4.081693620807979705e+00 6.720913895774014113e-22 2.086687883758031665e-22
4.087632611307738806e+00 5.956728613853533577e-22 2.056970643102469484e-22
4.093563851893786243e+00 6.649042977530598035e-22 2.072445876262108508e-22
4.099487347792839742e+00 6.258719075788366392e-22 2.486013185659508071e-22
4.105403103864238012e+00 1.899702843761980725e-22 2.546511969818340746e-22
4.111294920196094438e+00 1.211443501871266884e-22 2.584085828848454073e-22
4.117179024931483688e+00 2.887430813853154362e-22 2.155899175080852489e-22
4.123055424465897900e+00 4.387292330405941466e-22 2.101305194150188856e-22
4.128924125248623511e+00 4.701470053649387499e-22 2.110236771092556558e-22
4.134785131666269820e+00 4.742803382491592116e-22 2.147837271663315881e-22
4.140638451130703501e+00 4.509779424159090591e-22 2.131161323644941758e-22
4.146484088997744344e+00 2.121717883987152693e-22 2.140168615749823026e-22
4.152322050687763166e+00 2.227182269121824853e-22 2.130260527775532461e-22
4.158152342934072543e+00 4.713483508478676736e-22 2.150554822908216366e-22
4.163974972519707940e+00 5.831913301519354797e-22 2.174302334481999896e-22
4.169789943798586584e+00 5.232847628536001144e-22 2.183509889223160737e-22
4.175597264490509275e+00 4.389806107189065415e-22 2.207407067244020771e-22
4.181396940715361055e+00 5.985917398043200949e-22 2.348923173468881493e-22
4.187188977832766668e+00 2.282503799624767561e-22 2.397481738997666106e-22
4.192973382892006384e+00 6.759700436450504657e-24 2.523669903238331066e-22
4.198750161773785017e+00 3.559446178916598650e-22 2.543985241524672074e-22
4.204519321223346928e+00 3.825477160351532004e-22 2.359237315407486534e-22
4.210265387076792543e+00 3.200667419566408518e-22 2.357387362396840348e-22
4.216003863233041216e+00 4.929740258527840908e-22 2.328639391126836168e-22
4.221734756627598451e+00 4.925487315009590830e-22 2.312228223386115556e-22
4.227458073847654596e+00 2.131186736588373673e-22 2.436229095196484323e-22
4.233173820351117556e+00 1.377743519479013732e-22 2.591191868266377054e-22
4.238882004398186965e+00 1.425142143420544643e-22 2.548158098076866424e-22
4.244582631551502949e+00 3.979835102222008108e-22 2.868620133491952804e-22
4.250275708987707013e+00 3.686229866178881838e-22 2.981167184933918772e-22
4.255961243539886141e+00 4.086947184247770570e-22 2.967026987738586503e-22
4.261639242087943202e+00 7.657751956295075014e-22 2.344645868658303135e-22
4.267309711174228859e+00 6.014120497970351098e-22 2.320081977300885432e-22
4.272972658155242520e+00 3.363604891516061457e-22 2.373928395680770454e-22
4.278628089667011913e+00 5.545024440680871344e-22 2.328012436218822706e-22
4.284276012394032662e+00 5.320337289353946809e-22 2.396532784284922187e-22
4.289916433824056519e+00 3.060825730698534095e-22 2.366803961081983063e-22
4.295549360355487956e+00 6.230832216442120520e-22 2.346629248254925281e-22
4.301174799561517048e+00 5.545379636162917824e-22 2.361266101282014552e-22
4.306792758680249911e+00 3.848495335462965422e-22 2.392599479703630577e-22
4.312403243876112846e+00 3.647851375554050777e-22 2.314647370605999040e-22
4.318006263587966131e+00 6.031714454156005717e-23 2.320343027668601485e-22
4.323601824070488320e+00 2.259861536774533032e-22 2.373744153765914824e-22
4.329189932732005808e+00 2.993402715361215229e-22 2.479588065179290005e-22
4.334770597020169092e+00 4.930226119924742302e-22 2.499929995401699044e-22
4.340343824421419860e+00 4.393935842772520385e-22 2.536456755278781073e-22
4.345909621734419304e+00 -5.822113415389709078e-23 2.494563878644794466e-22
4.351467996526396043e+00 4.880526516028949938e-23 2.381845085174637486e-22
4.357018956401765841e+00 -1.303822177027411134e-23 2.396227524230853343e-22
4.362562507925376032e+00 1.867390112360134640e-22 2.447867989591394974e-22
4.368098659138901496e+00 1.643276908488482676e-22 2.565769005728973197e-22
4.373627417404010842e+00 3.661102220866579217e-22 2.439873308259461510e-22
4.379148790121240253e+00 6.169344617717969809e-22 2.421956209853621182e-22
4.384662784376329725e+00 7.334767901961147756e-22 2.440001230198089478e-22
4.390169408351803249e+00 4.654939917065112875e-22 2.466235262764741816e-22
4.395668669208960821e+00 3.491952488791898198e-22 2.499836966680411482e-22
4.401160574847586382e+00 3.733855424648670870e-22 2.691353760128875569e-22
4.406645132504810825e+00 3.569309991077096076e-22 2.592065953317141928e-22
4.412122349803469845e+00 3.688051545693052212e-22 2.545855303126937142e-22
4.417592234746588353e+00 4.103113877062704950e-22 2.499854370595851203e-22
4.423054794681224422e+00 3.475268051373322768e-22 2.569496888677315367e-22
4.428510036992343579e+00 1.857239689221594440e-22 2.734031780164333327e-22
4.433957969784064090e+00 3.667967745731458504e-22 2.533196399393453143e-22
4.439398600850688048e+00 5.123232947192853954e-22 2.715866447102042447e-22
4.444831937681134271e+00 1.747052687568848696e-22 2.435162779930306618e-22
4.450257988137138021e+00 1.108490015957827294e-22 2.440028046749166426e-22
4.455676760112325496e+00 3.379343970255014380e-22 2.468824163225553888e-22
4.461088261197453164e+00 5.237343957961167411e-22 2.542481681861975376e-22
4.466492499350727563e+00 5.906826864961161411e-22 2.620858831405090838e-22
4.471889482892536627e+00 5.306940569241755144e-22 2.564752747975445031e-22
4.477279218848228659e+00 5.943284897825574007e-22 2.557740299934139338e-22
4.482661715599595809e+00 1.039653839893061911e-21 2.769336014303110453e-22
4.488036981554111904e+00 5.947582663731951953e-22 2.572077626590026186e-22
4.493405023511678920e+00 2.838981124950585905e-22 2.621342260506420384e-22
4.498765849940618011e+00 2.737955761598627735e-22 2.749770256387653086e-22
4.504119469657685393e+00 5.485698240036360073e-22 2.850047783874568961e-22
4.509465889240748204e+00 5.175593462335518701e-22 2.844884501685774097e-22
4.514805117240700660e+00 2.369670287695282236e-22 2.570016191490230198e-22
4.520137162231574912e+00 3.197035854645858176e-23 2.676786008156463819e-22
4.525462031533939111e+00 2.255883685717070936e-22 2.547805185734448922e-22
4.530779733775305296e+00 3.249728748833033209e-22 2.552863420973901080e-22
4.536090276655337483e+00 2.366140268297248694e-22 2.526642269997118423e-22
4.541393667905138543e+00 8.067047069587751917e-23 2.587628705986637214e-22
4.546689916543430243e+00 2.029581334048399101e-22 2.624851445091124068e-22
4.551979030667560266e+00 5.270870921375984298e-22 2.585936691145719132e-22
4.557261017154809579e+00 3.951804274333082319e-22 2.748016060066059586e-22
4.562535885406204805e+00 6.364073418700518159e-22 2.627366297772052163e-22
4.567803642979814782e+00 7.202969457093621054e-22 2.586932365863036705e-22
4.573064298082096357e+00 7.222649873274132118e-22 2.625427560553934718e-22
4.578317858944726204e+00 4.507379292350747321e-22 2.617798111393863500e-22
4.583564333824211801e+00 1.838743535451393076e-22 2.609289485563406217e-22
4.588816820846041367e+00 1.298217647917344251e-22 2.653101696796876627e-22
4.594062222055037559e+00 2.096817768899758108e-22 3.116043192025712818e-22
4.599300546373282117e+00 4.604172702967948523e-22 2.849859776714120402e-22
4.604531801529687662e+00 3.776596391962185668e-22 2.674517552857329769e-22
4.609755995282749375e+00 1.046037989778517236e-22 2.679721743827562004e-22
4.614973136621380867e+00 5.442608523237210797e-23 2.767544884902629677e-22
4.620183233354096863e+00 3.488931625953513763e-22 2.709218388041154094e-22
4.625386293913797964e+00 2.180787005088304124e-22 2.708475912740052462e-22
4.630582326755137146e+00 4.478180633112633314e-22 2.850394738531025052e-22
4.635771340354147618e+00 7.309111765672465323e-22 2.766181252368861711e-22
4.640953342618623800e+00 5.694866158234303069e-22 2.766649476362125924e-22
4.646128342070103834e+00 4.919888409539795688e-22 2.732462714123953125e-22
4.651296347835164546e+00 3.560481360433657519e-22 2.757939693244674502e-22
4.656457367306644279e+00 3.265876265658295235e-22 2.772362097356939589e-22
4.661611409069625012e+00 3.946185458246676784e-22 2.783763987355597589e-22
4.666758481728385810e+00 2.120943577331206051e-22 2.837373985591103012e-22
4.671898593330134908e+00 1.878528130559096177e-22 2.809817113779593224e-22
4.677031753093972455e+00 4.195446466273345172e-22 2.817628529690062139e-22
4.682170552819514775e+00 4.699872710814027099e-22 2.906340048277624065e-22
4.687302401166071775e+00 2.458217057230428451e-22 2.866778296448832851e-22
4.692427305684498506e+00 3.362386344706933318e-22 2.958539829621017726e-22
4.697545276226245292e+00 1.785309401990837170e-22 3.064054943667537178e-22
4.702656320951136948e+00 2.028029143590565597e-22 3.097344778083750538e-22
4.707760447478101185e+00 4.347555399062369664e-22 2.909240812522364313e-22
4.712857665138370677e+00 3.879376765590661499e-22 2.914249831713034339e-22
4.717947982154970354e+00 3.174765233953104298e-22 2.881616382674328520e-22
4.723031407329670195e+00 1.415175642303791430e-22 2.850044784555228981e-22
4.728107948369603797e+00 3.083410156894522204e-22 2.897842649661223417e-22
4.733177614667379629e+00 7.625782326763600972e-22 2.959569157089462720e-22
4.738240413972135023e+00 8.090946875174630874e-22 2.992567884031579618e-22
4.743296355705244771e+00 1.485970110091920338e-22 3.612930819200431922e-22
4.748345447656478591e+00 4.572142389687745303e-22 3.558817793681518628e-22
4.753399914209597732e+00 5.915145781246130906e-22 4.493998134994097293e-22
4.758447532603168106e+00 4.206883104734831477e-22 3.051790684466533468e-22
4.763488311764507266e+00 3.451409644246284879e-22 3.018525431302627734e-22
4.768522259551923881e+00 3.516561649759567728e-22 3.022535208100091880e-22
4.773549384926054628e+00 3.382496037967739816e-22 3.018428433952634372e-22
4.778569696323135219e+00 7.386779743837931387e-23 3.002640595075067228e-22
4.783583202197282169e+00 7.559147550435824729e-24 2.960742056432221821e-22
4.788589911020183720e+00 1.100408549625717840e-22 3.052637315942133777e-22
4.793589831811831736e+00 1.022058733388957218e-22 3.151544611667695962e-22
4.798582973603722657e+00 -2.158076445881822139e-23 3.753562745204011932e-22
4.803569344384391648e+00 7.194308751737494245e-23 3.887823346148596197e-22
4.808560896672537055e+00 2.492845133245362216e-22 3.939494362704644280e-22
4.813545679457700288e+00 -2.823580632448608727e-22 4.104610147514231630e-22
4.818523701823820282e+00 -1.121893208869855725e-23 3.716872031258444884e-22
4.823494971821731703e+00 3.446269553240608809e-22 3.821164355003358035e-22
4.828459498562573060e+00 2.300791226653532975e-22 3.070065753029147219e-22
4.833417290649446585e+00 2.587962759436807116e-22 3.014741671364020895e-22
4.838368356700269324e+00 4.733600195247298091e-22 3.008289830259580439e-22
4.843312705347477376e+00 6.430813279067164532e-22 3.314056886458751680e-22
4.848250345237726577e+00 5.159950465941052104e-22 3.142045966488353074e-22
4.853181285031609171e+00 6.248936755825018643e-22 3.143161905661742179e-22
4.858117239865045178e+00 5.693928544302627411e-22 3.151373688140664327e-22
4.863046495962024984e+00 1.742583668581139446e-22 3.096739905732938948e-22
4.867969063036002630e+00 1.033644389376679379e-22 3.105847857786737401e-22
4.872884948783232417e+00 3.076063212194325085e-22 3.084028831963497592e-22
4.877794162432385505e+00 1.291830323280345850e-22 3.103845792144576970e-22
4.882696712718290755e+00 -4.165561925564488055e-22 3.163547357857072491e-22
4.887592607888641361e+00 -2.638531631078996829e-22 3.222880230724102207e-22
4.892481856705692245e+00 9.853168157688471158e-23 3.235981014935822023e-22
4.897364468439068474e+00 3.679528956520813002e-22 3.148476895053114466e-22
4.902240451377100072e+00 2.305069491604853024e-22 3.211221224450070915e-22
4.907121289009889864e+00 1.790900873130367095e-22 3.162677754285911861e-22
4.911995500052748653e+00 2.654173452617359487e-22 3.137454052062672581e-22
4.916863092831162518e+00 2.462273122276900279e-22 3.136142344695548425e-22
4.921724076175076235e+00 -4.416128368840844740e-23 3.160522073413356888e-22
4.926578458924796955e+00 1.371882705112769933e-22 3.127083189216740819e-22
4.931426250415990253e+00 1.167196945104278248e-22 3.144222740141993784e-22
4.936267458538877939e+00 3.936007167863721056e-22 3.155686329147826487e-22
4.941102092166413939e+00 7.336836177175985206e-22 3.238837066948526766e-22
4.945941460886305485e+00 6.799422407202816193e-22 3.172437929905232784e-22
4.950774257562697400e+00 5.842054764500225738e-22 3.203031301197497831e-22
4.955600490138470704e+00 5.621886045088734877e-22 3.230788331652359200e-22
4.960420168482343684e+00 5.295116349026757166e-22 3.251103089515722587e-22
4.965233301036763969e+00 4.399057914724308351e-22 3.334854879809321742e-22
4.970039895783991746e+00 3.712128074637784300e-22 3.263570513884571925e-22
4.974839962138704053e+00 3.048169831488044958e-22 3.294262501256103979e-22
4.979633509048820628e+00 7.656890900189415808e-22 5.259496593976258670e-22
4.984431674819473024e+00 1.012310078017649073e-21 5.783216847124935892e-22
4.989223323359255780e+00 7.968941865977930700e-22 4.110730802653747538e-22
4.994008462709016882e+00 4.090369152708071030e-22 3.754547483664577580e-22
4.998787102321584186e+00 3.480667381293682935e-22 3.405636049410868060e-22
5.003559251188570478e+00 9.120350784937783587e-23 3.803365624696992220e-22
5.008324917846538327e+00 6.135512485926850992e-24 3.937559870088012446e-22
5.013084110383106307e+00 1.116866073941195630e-22 3.932309928054859408e-22
5.017836838276443778e+00 4.581027730712024968e-22 3.578833213795338308e-22
5.022594072063147230e+00 5.060268934437500951e-22 3.406696952103646251e-22
5.027344843194911483e+00 5.260792765621307317e-22 3.519243551792707033e-22
5.032089161170219427e+00 6.073550934056997285e-22 3.555937256320470650e-22
5.036827034127183467e+00 8.257869205531297565e-23 3.452447218503377878e-22
5.041558470670484127e+00 3.490256159567016221e-22 3.917375585686602130e-22
5.046283480315373993e+00 5.995531215322337258e-22 4.359552628926857234e-22
5.051002070782165454e+00 8.437919358651542440e-22 4.314087075824845291e-22
5.055725073425975324e+00 7.074127032060858307e-22 4.310539019691263163e-22
5.060441660425509802e+00 3.798553223747698024e-22 3.559874199358021052e-22
5.065151840424936935e+00 4.965670791970155899e-22 3.601496446696573505e-22
5.069855622077139579e+00 4.595775773567581344e-22 3.577621847242892255e-22
5.074553014043494237e+00 5.914573271845443496e-22 3.579823032571005683e-22
5.079244024993623263e+00 3.506860397492081661e-22 3.592322858428010420e-22
5.083928663605183473e+00 -9.576926998945552074e-23 3.590804349182783571e-22
5.088617622906753901e+00 1.493027474461091210e-22 3.659932043321873363e-22
5.093300213124279274e+00 2.388876433869000099e-22 3.789868429164175472e-22
5.097976442082548409e+00 8.326011117303932567e-23 3.690095931532309384e-22
5.102646319363049798e+00 2.818899502600228610e-22 3.761097914358561224e-22
5.107309853678573930e+00 4.669833123375944961e-23 4.557783473454684429e-22
5.111967053316845977e+00 6.866282819275281666e-23 4.579378373164756229e-22
5.116617927437488333e+00 5.372439308345413345e-23 4.590736364976160962e-22
5.121273032929314795e+00 8.049674730684802286e-23 4.081497018102502577e-22
5.125921815460175779e+00 5.594509134578893088e-22 3.721412850719095586e-22
5.130564283779981416e+00 4.759025197457182154e-22 3.711305291346840252e-22
5.135200447070890739e+00 2.323976817416186828e-23 3.711772486040114197e-22
5.139830314092062480e+00 1.879204479406742088e-22 4.003745874102981248e-22
5.144453892762140157e+00 3.139103272162795341e-22 3.715599188518478423e-22
5.149081630612269755e+00 4.990203292126862688e-22 3.679719301809371339e-22
5.153703084082005503e+00 -1.293751899990137347e-23 3.703518513880391176e-22
5.158318261534378557e+00 -1.265374605968815248e-22 3.711079608203500642e-22
5.162927171341670451e+00 1.688723368172006233e-22 3.761480085134764785e-22
5.167529822302573628e+00 -1.295542178299735276e-22 3.861949384189211463e-22
5.172126223636315245e+00 -3.549153495952617283e-22 3.861491574435263339e-22
5.176726713365470189e+00 9.449709598467627212e-23 3.764618972189937072e-22
5.181320955892031677e+00 4.206796744415983607e-22 3.769471513961112801e-22
5.185908960451782512e+00 7.672806452114535419e-22 3.810247464348511773e-22
5.190490735868685590e+00 3.893205808025489705e-22 3.868105582250335677e-22
5.195066290149970456e+00 9.150183205077779254e-23 3.942708612450967114e-22
5.199635632541183661e+00 5.626771240693476133e-22 3.814506121485162219e-22
5.204208993916702219e+00 3.335377960481947942e-22 3.812284237441001959e-22
5.208776146783844041e+00 -3.296861097888324916e-24 3.800560165728648192e-22
5.213337099178794176e+00 1.613063614548987805e-22 3.813276889949375044e-22
5.217891859958507794e+00 1.355350428106284824e-22 3.831637907998086955e-22
5.222440438386214190e+00 3.075764528615651806e-22 3.934820848315749086e-22
5.226982842116275840e+00 1.376727166648277856e-22 3.908886182452306228e-22
5.231529196763900380e+00 -5.304627055888019216e-24 3.850580555310532018e-22
5.236069381022817382e+00 2.106933561265638559e-22 3.854839922303088386e-22
5.240603403368941926e+00 5.998505558101423064e-23 3.941831663652994127e-22
5.245131271886387836e+00 2.092839743635871693e-22 3.876651877146323406e-22
5.249652995858753890e+00 2.806883777265387320e-22 3.873344560995538427e-22
5.254168584172455247e+00 2.889699705210070608e-22 3.937691007288146381e-22
5.258688056654849952e+00 2.810423635616706319e-22 3.939878602382389259e-22
5.263201395914482994e+00 2.274179503240092502e-22 3.922695897717150548e-22
5.267708611248677286e+00 2.147585567168921611e-22 4.128540930518544294e-22
5.272209711560969403e+00 2.918802752649775680e-22 3.994604294080114099e-22
5.276704704976364013e+00 2.996772038149144184e-22 4.220292051585065100e-22
5.281203530744206454e+00 -1.239240916483225859e-22 4.962440684180700158e-22
5.285696253326706895e+00 1.102359484952108831e-22 4.242899771903850943e-22
5.290182880868051996e+00 3.150239348229760149e-22 5.815416870135376581e-22
5.294663422292762434e+00 nan nan
5.299137886525828733e+00 nan nan
5.303606282109273984e+00 nan nan
5.308078445580914462e+00 nan nan
